21 12
0.028092 0.049188 0.021907 0.030696 0.046932 0.021907 0.043196 0.034803 0.021907 0.038678 0.038437 0.021907 0.039640 0.035088 0.021907 0.038055 0.033209 0.021907 0.036819 0.032529 0.021907 0.030711 0.035807 0.021907 0.030207 0.036884 0.021907 0.038994 0.030108 0.021907 0.031669 0.039878 0.021907 0.037469 0.037133 0.021907 0.043293 0.031079 0.021907 0.049576 0.029925 0.021907 0.049366 0.024837 0.021907 0.049812 0.024694 0.021907 0.046071 0.018732 0.021907 0.044453 0.023028 0.021907 0.042718 0.025694 0.021907 0.040643 0.028536 0.021907 0.039452 0.030117 0.021907 
0.027460 0.050023 0.021907 0.026116 0.050605 0.021907 0.046988 0.031162 0.021907 0.043913 0.034803 0.021907 0.040816 0.036982 0.021907 0.039922 0.034944 0.021907 0.032030 0.037300 0.021907 0.032128 0.033945 0.021907 0.034990 0.028370 0.021907 0.030073 0.039459 0.021907 0.041389 0.030061 0.021907 0.038738 0.034824 0.021907 0.052938 0.028141 0.021907 0.047350 0.019710 0.021907 0.052751 0.038800 0.021907 0.041325 0.004450 0.021907 0.044482 0.024457 0.021907 0.042744 0.025834 0.021907 0.040947 0.028211 0.021907 0.038259 0.031696 0.021907 0.037999 0.032627 0.021907 
0.030036 0.049480 0.021907 0.022948 0.053033 0.021907 0.059155 0.015502 0.021907 0.046045 0.035744 0.021907 0.041902 0.041883 0.021907 0.042830 0.037337 0.021907 0.035112 0.039282 0.021907 0.038419 0.028597 0.021907 0.035552 0.022210 0.021907 0.039187 0.018575 0.021907 0.032963 0.051907 0.021907 0.036316 0.030744 0.021907 0.038716 0.019046 0.021907 0.046233 0.045318 0.021907 0.047242 0.019818 0.021907 0.047599 0.029747 0.021907 0.038004 0.031287 0.021907 0.028735 0.042296 0.021907 0.034254 0.035206 0.021907 0.035053 0.037610 0.021907 0.036524 0.036729 0.021907 
0.036654 0.045716 0.021907 0.034200 0.048342 0.021907 0.056890 0.010170 0.021907 0.041867 0.043622 0.021907 0.059449 0.036492 0.021907 0.057216 0.023864 0.021907 0.051540 0.023117 0.021907 0.042709 0.030923 0.021907 0.035732 0.023312 0.021907 0.042146 0.015616 0.021907 0.045405 0.006794 0.021907 0.031606 0.040669 0.021907 0.049231 0.017829 0.021907 0.038448 0.024222 0.021907 0.039838 0.022832 0.021907 0.050342 0.037584 0.021907 0.027246 0.030516 0.021907 0.039782 0.022888 0.021907 0.046021 0.028635 0.021907 0.036113 0.040736 0.021907 0.033787 0.043218 0.021907 
0.043754 0.039851 0.021907 0.045360 0.041283 0.021907 0.062835 0.033106 0.021907 0.042597 0.024463 0.021907 0.065867 0.034046 0.021907 0.047217 0.031411 0.021907 0.058943 0.047930 0.021907 0.051258 0.006504 0.021907 0.033617 0.024145 0.021907 0.039215 0.025708 0.021907 0.041239 0.016523 0.021907 0.044087 0.028796 0.021907 0.040930 0.036253 0.021907 0.045231 0.035849 0.021907 0.044835 0.022224 0.021907 0.050166 0.030914 0.021907 0.020679 0.037083 0.021907 0.048244 0.032835 0.021907 0.051019 0.030060 0.021907 0.051096 0.029983 0.021907 0.032958 0.047771 0.021907 
0.046936 0.037018 0.021907 0.048419 0.032661 0.021907 0.056742 0.039199 0.021907 0.042638 0.024422 0.021907 0.054520 0.039283 0.021907 0.046478 0.038054 0.021907 0.035031 0.030328 0.021907 0.047918 0.024357 0.021907 0.031006 0.014770 0.021907 0.035964 0.016235 0.021907 0.059217 0.032334 0.021907 0.034778 0.048240 0.021907 0.030994 0.033928 0.021907 0.040356 0.030675 0.021907 0.050048 0.053490 0.021907 0.038836 0.035820 0.021907 0.052777 0.018254 0.021907 0.037175 0.025495 0.021907 0.050202 0.024455 0.021907 0.032625 0.051330 0.021907 0.051225 0.031316 0.021907 
0.046936 0.037018 0.021907 0.048419 0.032661 0.021907 0.056742 0.039199 0.021907 0.042638 0.024422 0.021907 0.054520 0.039283 0.021907 0.046478 0.038054 0.021907 0.035031 0.030328 0.021907 0.047918 0.024357 0.021907 0.031006 0.014770 0.021907 0.035964 0.016235 0.021907 0.059217 0.032334 0.021907 0.034778 0.048240 0.021907 0.030994 0.033928 0.021907 0.040356 0.030675 0.021907 0.050048 0.053490 0.021907 0.038836 0.035820 0.021907 0.052777 0.018254 0.021907 0.037175 0.025495 0.021907 0.050202 0.024455 0.021907 0.032625 0.051330 0.021907 0.051225 0.031316 0.021907 
0.043754 0.039851 0.021907 0.045360 0.041283 0.021907 0.062835 0.033106 0.021907 0.042597 0.024463 0.021907 0.065867 0.034046 0.021907 0.047217 0.031411 0.021907 0.058943 0.047930 0.021907 0.051258 0.006504 0.021907 0.033617 0.024145 0.021907 0.039215 0.025708 0.021907 0.041239 0.016523 0.021907 0.044087 0.028796 0.021907 0.040930 0.036253 0.021907 0.045231 0.035849 0.021907 0.044835 0.022224 0.021907 0.050166 0.030914 0.021907 0.020679 0.037083 0.021907 0.048244 0.032835 0.021907 0.051019 0.030060 0.021907 0.051096 0.029983 0.021907 0.032958 0.047771 0.021907 
0.036654 0.045716 0.021907 0.034200 0.048342 0.021907 0.056890 0.010170 0.021907 0.041867 0.043622 0.021907 0.059449 0.036492 0.021907 0.057216 0.023864 0.021907 0.051540 0.023117 0.021907 0.042709 0.030923 0.021907 0.035732 0.023312 0.021907 0.042146 0.015616 0.021907 0.045405 0.006794 0.021907 0.031606 0.040669 0.021907 0.049231 0.017829 0.021907 0.038448 0.024222 0.021907 0.039838 0.022832 0.021907 0.050342 0.037584 0.021907 0.027246 0.030516 0.021907 0.039782 0.022888 0.021907 0.046021 0.028635 0.021907 0.036113 0.040736 0.021907 0.033787 0.043218 0.021907 
0.030036 0.049480 0.021907 0.022948 0.053033 0.021907 0.059155 0.015502 0.021907 0.046045 0.035744 0.021907 0.041902 0.041883 0.021907 0.042830 0.037337 0.021907 0.035112 0.039282 0.021907 0.038419 0.028597 0.021907 0.035552 0.022210 0.021907 0.039187 0.018575 0.021907 0.032963 0.051907 0.021907 0.036316 0.030744 0.021907 0.038716 0.019046 0.021907 0.046233 0.045318 0.021907 0.047242 0.019818 0.021907 0.047599 0.029747 0.021907 0.038004 0.031287 0.021907 0.028735 0.042296 0.021907 0.034254 0.035206 0.021907 0.035053 0.037610 0.021907 0.036524 0.036729 0.021907 
0.027460 0.050023 0.021907 0.026116 0.050605 0.021907 0.046988 0.031162 0.021907 0.043913 0.034803 0.021907 0.040816 0.036982 0.021907 0.039922 0.034944 0.021907 0.032030 0.037300 0.021907 0.032128 0.033945 0.021907 0.034990 0.028370 0.021907 0.030073 0.039459 0.021907 0.041389 0.030061 0.021907 0.038738 0.034824 0.021907 0.052938 0.028141 0.021907 0.047350 0.019710 0.021907 0.052751 0.038800 0.021907 0.041325 0.004450 0.021907 0.044482 0.024457 0.021907 0.042744 0.025834 0.021907 0.040947 0.028211 0.021907 0.038259 0.031696 0.021907 0.037999 0.032627 0.021907 
0.028092 0.049188 0.021907 0.030696 0.046932 0.021907 0.043196 0.034803 0.021907 0.038678 0.038437 0.021907 0.039640 0.035088 0.021907 0.038055 0.033209 0.021907 0.036819 0.032529 0.021907 0.030711 0.035807 0.021907 0.030207 0.036884 0.021907 0.038994 0.030108 0.021907 0.031669 0.039878 0.021907 0.037469 0.037133 0.021907 0.043293 0.031079 0.021907 0.049576 0.029925 0.021907 0.049366 0.024837 0.021907 0.049812 0.024694 0.021907 0.046071 0.018732 0.021907 0.044453 0.023028 0.021907 0.042718 0.025694 0.021907 0.040643 0.028536 0.021907 0.039452 0.030117 0.021907 
103.788159 103.018209 14.155253 23.233425 120.042054 120.892235 120.866220 30.788172 30.704433 121.902190 32.855764 28.604440 30.621333 33.190917 27.908896 21.175521 10.713798 14.635018 18.688010 21.586822 21.586822 
105.332605 103.013664 11.885710 16.424796 118.046710 119.191873 32.618613 31.903674 119.041470 31.169639 124.541889 116.051445 18.415667 42.827000 40.899667 174.718000 16.247874 16.943381 24.485633 21.586822 21.586822 
108.677855 106.620693 9.393000 9.839333 107.934973 114.056020 30.900987 124.336240 33.336000 107.324000 39.476667 46.825000 80.998000 130.980500 146.165000 24.534000 178.933350 131.878500 24.450345 26.806711 24.769661 
111.303002 113.774063 21.430000 24.153333 88.695000 19.797000 128.268500 121.202208 124.538250 92.816500 50.358000 167.358667 4.371000 8.529000 139.615500 12.538750 47.968000 100.997500 117.982000 27.952500 19.489000 
113.839734 113.514250 130.759000 143.132000 111.511000 152.846200 176.441000 116.832000 147.797500 69.123500 53.966667 66.227500 63.356250 45.939000 56.535000 166.003000 49.986000 61.987000 44.850000 101.025500 21.856292 
113.861625 114.209000 97.659000 25.279000 103.127500 105.541750 17.287800 27.245000 5.729000 123.203000 178.992000 47.369167 33.137750 151.979000 142.951667 62.839600 103.002000 142.275500 126.934000 26.590875 108.808188 
-113.861625 -114.209000 -97.659000 -25.279000 -103.127500 -105.541750 -17.287800 -27.245000 -5.729000 -123.203000 -178.992000 -47.369167 -33.137750 -151.979000 -142.951667 -62.839600 -103.002000 -142.275500 -126.934000 -26.590875 -108.808188 
-113.839734 -113.514250 -130.759000 -143.132000 -111.511000 -152.846200 -176.441000 -116.832000 -147.797500 -69.123500 -53.966667 -66.227500 -63.356250 -45.939000 -56.535000 -166.003000 -49.986000 -61.987000 -44.850000 -101.025500 -21.856292 
-111.303002 -113.774063 -21.430000 -24.153333 -88.695000 -19.797000 -128.268500 -121.202208 -124.538250 -92.816500 -50.358000 -167.358667 -4.371000 -8.529000 -139.615500 -12.538750 -47.968000 -100.997500 -117.982000 -27.952500 -19.489000 
-108.677855 -106.620693 -9.393000 -9.839333 -107.934973 -114.056020 -30.900987 -124.336240 -33.336000 -107.324000 -39.476667 -46.825000 -80.998000 -130.980500 -146.165000 -24.534000 -178.933350 -131.878500 -24.450345 -26.806711 -24.769661 
-105.332605 -103.013664 -11.885710 -16.424796 -118.046710 -119.191873 -32.618613 -31.903674 -119.041470 -31.169639 -124.541889 -116.051445 -18.415667 -42.827000 -40.899667 -174.718000 -16.247874 -16.943381 -24.485633 -21.586822 -21.586822 
-103.788159 -103.018209 -14.155253 -23.233425 -120.042054 -120.892235 -120.866220 -30.788172 -30.704433 -121.902190 -32.855764 -28.604440 -30.621333 -33.190917 -27.908896 -21.175521 -10.713798 -14.635018 -18.688010 -21.586822 -21.586822 
