21 12
0.043033 0.043033 0.021907 0.043451 0.043451 0.021907 0.042981 0.042981 0.021907 0.041242 0.041242 0.021907 0.038738 0.038738 0.021907 0.036296 0.036296 0.021907 0.035440 0.035440 0.021907 0.034186 0.034186 0.021907 0.033983 0.033983 0.021907 0.034024 0.034024 0.021907 0.033902 0.033902 0.021907 0.034665 0.034665 0.021907 0.035249 0.035249 0.021907 0.038932 0.038932 0.021907 0.039689 0.039689 0.021907 0.041213 0.041213 0.021907 0.037398 0.037398 0.021907 0.036040 0.036040 0.021907 0.033861 0.033861 0.021907 0.033696 0.033696 0.021907 0.033819 0.033819 0.021907 
0.042335 0.042335 0.021907 0.043269 0.043269 0.021907 0.044088 0.044088 0.021907 0.043529 0.043529 0.021907 0.041299 0.041299 0.021907 0.038477 0.038477 0.021907 0.034900 0.034900 0.021907 0.033902 0.033902 0.021907 0.033778 0.033778 0.021907 0.034146 0.034146 0.021907 0.034226 0.034226 0.021907 0.033237 0.033237 0.021907 0.037119 0.037119 0.021907 0.034861 0.034861 0.021907 0.046279 0.046279 0.021907 0.036478 0.036478 0.021907 0.037536 0.037536 0.021907 0.031289 0.031289 0.021907 0.033278 0.033278 0.021907 0.033901 0.033901 0.021907 0.034146 0.034146 0.021907 
0.040717 0.040717 0.021907 0.041838 0.041838 0.021907 0.044064 0.044064 0.021907 0.047185 0.047185 0.021907 0.046028 0.046028 0.021907 0.043581 0.043581 0.021907 0.036332 0.036332 0.021907 0.034307 0.034307 0.021907 0.030533 0.030533 0.021907 0.035017 0.035017 0.021907 0.035629 0.035629 0.021907 0.030725 0.030725 0.021907 0.027536 0.027536 0.021907 0.029243 0.029243 0.021907 0.038179 0.038179 0.021907 0.040835 0.040835 0.021907 0.040629 0.040629 0.021907 0.029848 0.029848 0.021907 0.033404 0.033404 0.021907 0.034704 0.034704 0.021907 0.034507 0.034507 0.021907 
0.038411 0.038411 0.021907 0.039156 0.039156 0.021907 0.039751 0.039751 0.021907 0.045331 0.045331 0.021907 0.054377 0.054377 0.021907 0.045022 0.045022 0.021907 0.041893 0.041893 0.021907 0.031427 0.031427 0.021907 0.031149 0.031149 0.021907 0.022325 0.022325 0.021907 0.022748 0.022748 0.021907 0.036369 0.036369 0.021907 0.020923 0.020923 0.021907 0.023905 0.023905 0.021907 0.038932 0.038932 0.021907 0.045021 0.045021 0.021907 0.038900 0.038900 0.021907 0.032549 0.032549 0.021907 0.037013 0.037013 0.021907 0.034467 0.034467 0.021907 0.034024 0.034024 0.021907 
0.036369 0.036369 0.021907 0.036076 0.036076 0.021907 0.036259 0.036259 0.021907 0.027257 0.027257 0.021907 0.048586 0.048586 0.021907 0.038932 0.038932 0.021907 0.044486 0.044486 0.021907 0.029446 0.029446 0.021907 0.031055 0.031055 0.021907 0.031747 0.031747 0.021907 0.033695 0.033695 0.021907 0.028139 0.028139 0.021907 0.043709 0.043709 0.021907 0.040421 0.040421 0.021907 0.035816 0.035816 0.021907 0.046858 0.046858 0.021907 0.037536 0.037536 0.021907 0.049361 0.049361 0.021907 0.033983 0.033983 0.021907 0.031473 0.031473 0.021907 0.033655 0.033655 0.021907 
0.035402 0.035402 0.021907 0.034744 0.034744 0.021907 0.033194 0.033194 0.021907 0.037119 0.037119 0.021907 0.049843 0.049843 0.021907 0.042280 0.042280 0.021907 0.032549 0.032549 0.021907 0.028031 0.028031 0.021907 0.029293 0.029293 0.021907 0.017801 0.017801 0.021907 0.043243 0.043243 0.021907 0.040361 0.040361 0.021907 0.045960 0.045960 0.021907 0.039471 0.039471 0.021907 0.055997 0.055997 0.021907 0.036658 0.036658 0.021907 0.034939 0.034939 0.021907 0.028192 0.028192 0.021907 0.035553 0.035553 0.021907 0.034307 0.034307 0.021907 0.032938 0.032938 0.021907 
0.035402 0.035402 0.021907 0.034744 0.034744 0.021907 0.033194 0.033194 0.021907 0.037119 0.037119 0.021907 0.049843 0.049843 0.021907 0.042280 0.042280 0.021907 0.032549 0.032549 0.021907 0.028031 0.028031 0.021907 0.029293 0.029293 0.021907 0.017801 0.017801 0.021907 0.043243 0.043243 0.021907 0.040361 0.040361 0.021907 0.045960 0.045960 0.021907 0.039471 0.039471 0.021907 0.055997 0.055997 0.021907 0.036658 0.036658 0.021907 0.034939 0.034939 0.021907 0.028192 0.028192 0.021907 0.035553 0.035553 0.021907 0.034307 0.034307 0.021907 0.032938 0.032938 0.021907 
0.036369 0.036369 0.021907 0.036076 0.036076 0.021907 0.036259 0.036259 0.021907 0.027257 0.027257 0.021907 0.048586 0.048586 0.021907 0.038932 0.038932 0.021907 0.044486 0.044486 0.021907 0.029446 0.029446 0.021907 0.031055 0.031055 0.021907 0.031747 0.031747 0.021907 0.033695 0.033695 0.021907 0.028139 0.028139 0.021907 0.043709 0.043709 0.021907 0.040421 0.040421 0.021907 0.035816 0.035816 0.021907 0.046858 0.046858 0.021907 0.037536 0.037536 0.021907 0.049361 0.049361 0.021907 0.033983 0.033983 0.021907 0.031473 0.031473 0.021907 0.033655 0.033655 0.021907 
0.038411 0.038411 0.021907 0.039156 0.039156 0.021907 0.039751 0.039751 0.021907 0.045331 0.045331 0.021907 0.054377 0.054377 0.021907 0.045022 0.045022 0.021907 0.041893 0.041893 0.021907 0.031427 0.031427 0.021907 0.031149 0.031149 0.021907 0.022325 0.022325 0.021907 0.022748 0.022748 0.021907 0.036369 0.036369 0.021907 0.020923 0.020923 0.021907 0.023905 0.023905 0.021907 0.038932 0.038932 0.021907 0.045021 0.045021 0.021907 0.038900 0.038900 0.021907 0.032549 0.032549 0.021907 0.037013 0.037013 0.021907 0.034467 0.034467 0.021907 0.034024 0.034024 0.021907 
0.040717 0.040717 0.021907 0.041838 0.041838 0.021907 0.044064 0.044064 0.021907 0.047185 0.047185 0.021907 0.046028 0.046028 0.021907 0.043581 0.043581 0.021907 0.036332 0.036332 0.021907 0.034307 0.034307 0.021907 0.030533 0.030533 0.021907 0.035017 0.035017 0.021907 0.035629 0.035629 0.021907 0.030725 0.030725 0.021907 0.027536 0.027536 0.021907 0.029243 0.029243 0.021907 0.038179 0.038179 0.021907 0.040835 0.040835 0.021907 0.040629 0.040629 0.021907 0.029848 0.029848 0.021907 0.033404 0.033404 0.021907 0.034704 0.034704 0.021907 0.034507 0.034507 0.021907 
0.042335 0.042335 0.021907 0.043269 0.043269 0.021907 0.044088 0.044088 0.021907 0.043529 0.043529 0.021907 0.041299 0.041299 0.021907 0.038477 0.038477 0.021907 0.034900 0.034900 0.021907 0.033902 0.033902 0.021907 0.033778 0.033778 0.021907 0.034146 0.034146 0.021907 0.034226 0.034226 0.021907 0.033237 0.033237 0.021907 0.037119 0.037119 0.021907 0.034861 0.034861 0.021907 0.046279 0.046279 0.021907 0.036478 0.036478 0.021907 0.037536 0.037536 0.021907 0.031289 0.031289 0.021907 0.033278 0.033278 0.021907 0.033901 0.033901 0.021907 0.034146 0.034146 0.021907 
0.043033 0.043033 0.021907 0.043451 0.043451 0.021907 0.042981 0.042981 0.021907 0.041242 0.041242 0.021907 0.038738 0.038738 0.021907 0.036296 0.036296 0.021907 0.035440 0.035440 0.021907 0.034186 0.034186 0.021907 0.033983 0.033983 0.021907 0.034024 0.034024 0.021907 0.033902 0.033902 0.021907 0.034665 0.034665 0.021907 0.035249 0.035249 0.021907 0.038932 0.038932 0.021907 0.039689 0.039689 0.021907 0.041213 0.041213 0.021907 0.037398 0.037398 0.021907 0.036040 0.036040 0.021907 0.033861 0.033861 0.021907 0.033696 0.033696 0.021907 0.033819 0.033819 0.021907 
0.000000 0.000000 0.000000 0.000000 0.000000 0.000000 0.000000 0.000000 0.000000 0.000000 0.000000 0.000000 0.000000 0.000000 0.000000 0.000000 0.000000 0.000000 0.000000 0.000000 0.000000 
0.000000 0.000000 0.000000 0.000000 0.000000 0.000000 0.000000 0.000000 0.000000 0.000000 0.000000 0.000000 0.000000 0.000000 0.000000 0.000000 0.000000 0.000000 0.000000 0.000000 0.000000 
0.000000 0.000000 0.000000 0.000000 0.000000 0.000000 0.000000 0.000000 0.000000 0.000000 0.000000 0.000000 0.000000 0.000000 0.000000 0.000000 0.000000 0.000000 0.000000 0.000000 0.000000 
0.000000 0.000000 0.000000 0.000000 0.000000 0.000000 0.000000 0.000000 0.000000 0.000000 0.000000 0.000000 0.000000 0.000000 0.000000 0.000000 0.000000 0.000000 0.000000 0.000000 0.000000 
0.000000 0.000000 0.000000 0.000000 0.000000 0.000000 0.000000 0.000000 0.000000 0.000000 0.000000 0.000000 0.000000 0.000000 0.000000 0.000000 0.000000 0.000000 0.000000 0.000000 0.000000 
0.000000 0.000000 0.000000 0.000000 0.000000 0.000000 0.000000 0.000000 0.000000 0.000000 0.000000 0.000000 0.000000 0.000000 0.000000 0.000000 0.000000 0.000000 0.000000 0.000000 0.000000 
0.000000 0.000000 0.000000 0.000000 0.000000 0.000000 0.000000 0.000000 0.000000 0.000000 0.000000 0.000000 0.000000 0.000000 0.000000 0.000000 0.000000 0.000000 0.000000 0.000000 0.000000 
0.000000 0.000000 0.000000 0.000000 0.000000 0.000000 0.000000 0.000000 0.000000 0.000000 0.000000 0.000000 0.000000 0.000000 0.000000 0.000000 0.000000 0.000000 0.000000 0.000000 0.000000 
0.000000 0.000000 0.000000 0.000000 0.000000 0.000000 0.000000 0.000000 0.000000 0.000000 0.000000 0.000000 0.000000 0.000000 0.000000 0.000000 0.000000 0.000000 0.000000 0.000000 0.000000 
0.000000 0.000000 0.000000 0.000000 0.000000 0.000000 0.000000 0.000000 0.000000 0.000000 0.000000 0.000000 0.000000 0.000000 0.000000 0.000000 0.000000 0.000000 0.000000 0.000000 0.000000 
0.000000 0.000000 0.000000 0.000000 0.000000 0.000000 0.000000 0.000000 0.000000 0.000000 0.000000 0.000000 0.000000 0.000000 0.000000 0.000000 0.000000 0.000000 0.000000 0.000000 0.000000 
0.000000 0.000000 0.000000 0.000000 0.000000 0.000000 0.000000 0.000000 0.000000 0.000000 0.000000 0.000000 0.000000 0.000000 0.000000 0.000000 0.000000 0.000000 0.000000 0.000000 0.000000 
