21 12
0.043616 0.041919 0.008720 0.042967 0.042994 0.008720 0.043203 0.042758 0.008720 0.041995 0.043326 0.008720 0.040368 0.043641 0.008720 0.038758 0.043088 0.008720 0.037406 0.042466 0.008720 0.034347 0.041203 0.008720 0.030396 0.040331 0.008720 0.025387 0.040661 0.008720 0.019556 0.042649 0.008720 0.017394 0.046463 0.008720 0.016431 0.052820 0.008720 0.019881 0.057072 0.008720 0.023292 0.057429 0.008720 0.025578 0.055975 0.008720 0.030527 0.050073 0.008720 0.034003 0.044435 0.008720 0.035121 0.041701 0.008720 0.034591 0.041162 0.008720 0.033510 0.041630 0.008720 
0.044176 0.040821 0.008720 0.043676 0.041966 0.008720 0.043786 0.042439 0.008720 0.043824 0.042505 0.008720 0.041747 0.043788 0.008720 0.040528 0.043978 0.008720 0.038211 0.042690 0.008720 0.036009 0.041466 0.008720 0.031852 0.039405 0.008720 0.027298 0.038750 0.008720 0.022475 0.041472 0.008720 0.047499 0.008671 0.008720 0.053829 0.018470 0.008720 0.061984 0.019686 0.008720 0.058600 0.023884 0.008720 0.051888 0.029547 0.008720 0.036333 0.042232 0.008720 0.035086 0.040937 0.008720 0.036147 0.039606 0.008720 0.032388 0.042060 0.008720 0.034616 0.040386 0.008720 
0.045177 0.038554 0.008720 0.044783 0.039723 0.008720 0.044634 0.041061 0.008720 0.044611 0.042806 0.008720 0.044985 0.043142 0.008720 0.042520 0.044744 0.008720 0.040621 0.044267 0.008720 0.037678 0.042010 0.008720 0.032254 0.038550 0.008720 0.028527 0.036658 0.008720 0.037850 0.025463 0.008720 0.043570 0.026927 0.008720 0.060424 0.022632 0.008720 0.062596 0.014423 0.008720 0.064710 0.016843 0.008720 0.039703 0.039177 0.008720 0.038907 0.032651 0.008720 0.053224 0.023200 0.008720 0.048176 0.020599 0.008720 0.036724 0.037793 0.008720 0.038004 0.036513 0.008720 
0.046105 0.035975 0.008720 0.046068 0.036474 0.008720 0.045935 0.037516 0.008720 0.045353 0.039968 0.008720 0.046056 0.044417 0.008720 0.044944 0.045003 0.008720 0.045534 0.046248 0.008720 0.037623 0.043516 0.008720 0.031770 0.036197 0.008720 0.035784 0.029051 0.008720 0.026708 0.035683 0.008720 0.036720 0.031733 0.008720 0.038820 0.045686 0.008720 0.067404 0.042318 0.008720 0.058815 0.049445 0.008720 0.028667 0.001039 0.008720 0.054309 0.048102 0.008720 0.034180 0.046300 0.008720 0.044674 0.033125 0.008720 0.029653 0.044865 0.008720 0.045781 0.029905 0.008720 
0.046694 0.033906 0.008720 0.046748 0.033672 0.008720 0.046803 0.033495 0.008720 0.046769 0.033590 0.008720 0.045118 0.036553 0.008720 0.052956 0.048663 0.008720 0.039418 0.039587 0.008720 0.025928 0.039083 0.008720 0.048437 0.043161 0.008720 0.021966 0.014512 0.008720 0.033971 0.013837 0.008720 0.057162 0.028957 0.008720 0.041889 0.043378 0.008720 0.040108 0.031450 0.008720 0.056491 0.039366 0.008720 0.034439 0.023841 0.008720 0.037769 0.033864 0.008720 0.041759 0.041973 0.008720 0.057773 0.014380 0.008720 0.055545 0.022060 0.008720 0.023648 0.053306 0.008720 
0.046893 0.033040 0.008720 0.047004 0.032375 0.008720 0.047225 0.031276 0.008720 0.047671 0.028952 0.008720 0.047224 0.023427 0.008720 0.035215 0.020519 0.008720 0.021544 0.030415 0.008720 0.054243 0.034134 0.008720 0.046228 0.047663 0.008720 0.044153 0.019342 0.008720 0.043307 0.036687 0.008720 0.061349 0.029970 0.008720 0.059436 0.036380 0.008720 0.025497 0.033395 0.008720 0.055944 0.030595 0.008720 0.050048 0.040614 0.008720 0.037842 0.022250 0.008720 0.050262 0.032395 0.008720 0.059750 0.021031 0.008720 0.059294 0.019017 0.008720 0.057436 0.020556 0.008720 
0.046893 0.033040 0.008720 0.047004 0.032375 0.008720 0.047225 0.031276 0.008720 0.047671 0.028952 0.008720 0.047224 0.023427 0.008720 0.035215 0.020519 0.008720 0.021544 0.030415 0.008720 0.054243 0.034134 0.008720 0.046228 0.047663 0.008720 0.044153 0.019342 0.008720 0.043307 0.036687 0.008720 0.061349 0.029970 0.008720 0.059436 0.036380 0.008720 0.025497 0.033395 0.008720 0.055944 0.030595 0.008720 0.050048 0.040614 0.008720 0.037842 0.022250 0.008720 0.050262 0.032395 0.008720 0.059750 0.021031 0.008720 0.059294 0.019017 0.008720 0.057436 0.020556 0.008720 
0.046694 0.033906 0.008720 0.046748 0.033672 0.008720 0.046803 0.033495 0.008720 0.046769 0.033590 0.008720 0.045118 0.036553 0.008720 0.052956 0.048663 0.008720 0.039418 0.039587 0.008720 0.025928 0.039083 0.008720 0.048437 0.043161 0.008720 0.021966 0.014512 0.008720 0.033971 0.013837 0.008720 0.057162 0.028957 0.008720 0.041889 0.043378 0.008720 0.040108 0.031450 0.008720 0.056491 0.039366 0.008720 0.034439 0.023841 0.008720 0.037769 0.033864 0.008720 0.041759 0.041973 0.008720 0.057773 0.014380 0.008720 0.055545 0.022060 0.008720 0.023648 0.053306 0.008720 
0.046105 0.035975 0.008720 0.046068 0.036474 0.008720 0.045935 0.037516 0.008720 0.045353 0.039968 0.008720 0.046056 0.044417 0.008720 0.044944 0.045003 0.008720 0.045534 0.046248 0.008720 0.037623 0.043516 0.008720 0.031770 0.036197 0.008720 0.035784 0.029051 0.008720 0.026708 0.035683 0.008720 0.036720 0.031733 0.008720 0.038820 0.045686 0.008720 0.067404 0.042318 0.008720 0.058815 0.049445 0.008720 0.028667 0.001039 0.008720 0.054309 0.048102 0.008720 0.034180 0.046300 0.008720 0.044674 0.033125 0.008720 0.029653 0.044865 0.008720 0.045781 0.029905 0.008720 
0.045177 0.038554 0.008720 0.044783 0.039723 0.008720 0.044634 0.041061 0.008720 0.044611 0.042806 0.008720 0.044985 0.043142 0.008720 0.042520 0.044744 0.008720 0.040621 0.044267 0.008720 0.037678 0.042010 0.008720 0.032254 0.038550 0.008720 0.028527 0.036658 0.008720 0.037850 0.025463 0.008720 0.043570 0.026927 0.008720 0.060424 0.022632 0.008720 0.062596 0.014423 0.008720 0.064710 0.016843 0.008720 0.039703 0.039177 0.008720 0.038907 0.032651 0.008720 0.053224 0.023200 0.008720 0.048176 0.020599 0.008720 0.036724 0.037793 0.008720 0.038004 0.036513 0.008720 
0.044176 0.040821 0.008720 0.043676 0.041966 0.008720 0.043786 0.042439 0.008720 0.043824 0.042505 0.008720 0.041747 0.043788 0.008720 0.040528 0.043978 0.008720 0.038211 0.042690 0.008720 0.036009 0.041466 0.008720 0.031852 0.039405 0.008720 0.027298 0.038750 0.008720 0.022475 0.041472 0.008720 0.047499 0.008671 0.008720 0.053829 0.018470 0.008720 0.061984 0.019686 0.008720 0.058600 0.023884 0.008720 0.051888 0.029547 0.008720 0.036333 0.042232 0.008720 0.035086 0.040937 0.008720 0.036147 0.039606 0.008720 0.032388 0.042060 0.008720 0.034616 0.040386 0.008720 
0.043616 0.041919 0.008720 0.042967 0.042994 0.008720 0.043203 0.042758 0.008720 0.041995 0.043326 0.008720 0.040368 0.043641 0.008720 0.038758 0.043088 0.008720 0.037406 0.042466 0.008720 0.034347 0.041203 0.008720 0.030396 0.040331 0.008720 0.025387 0.040661 0.008720 0.019556 0.042649 0.008720 0.017394 0.046463 0.008720 0.016431 0.052820 0.008720 0.019881 0.057072 0.008720 0.023292 0.057429 0.008720 0.025578 0.055975 0.008720 0.030527 0.050073 0.008720 0.034003 0.044435 0.008720 0.035121 0.041701 0.008720 0.034591 0.041162 0.008720 0.033510 0.041630 0.008720 
0.000000 0.000000 0.000000 0.000000 143.380327 143.380327 143.530524 143.328528 142.038277 138.445515 132.835484 126.353200 116.765015 106.521380 100.784628 98.000108 103.284898 104.821197 103.587342 94.037007 89.261839 
71.818252 71.418044 0.000000 0.000000 -36.619673 143.230131 143.230131 144.032914 144.012791 141.661890 135.271894 31.572667 25.732754 13.401439 0.186313 13.029382 108.825206 102.353487 94.560671 84.486671 89.261839 
72.218459 71.418044 68.048124 65.709086 0.000000 143.230131 139.572645 142.427347 145.658603 146.303326 49.413735 43.797850 40.715500 -13.155000 0.312500 0.717143 38.589333 105.682000 155.386000 87.011290 89.437492 
72.788407 72.448927 70.387162 65.709086 63.092945 156.846000 116.534000 136.717943 144.905496 64.707648 146.186425 135.188200 129.710572 7.264333 96.797000 141.245500 40.575800 35.700560 101.259557 184.388313 98.513171 
73.701153 73.585505 73.374114 72.078284 59.339889 156.846000 143.840796 125.851667 49.396667 159.666000 83.581500 26.310000 128.010062 41.940400 19.614500 119.661250 54.514250 77.399000 108.269667 102.638028 7.705410 
74.118562 74.651619 75.929124 79.779963 77.115000 34.058667 57.396500 172.174000 -7.322000 150.854000 72.152000 145.239000 170.100000 100.028500 26.875250 131.588667 132.082000 -5.365000 104.933000 96.089889 99.363959 
-74.118562 -74.651619 -75.929124 -79.779963 -77.115000 -34.058667 -57.396500 -172.174000 7.322000 -150.854000 -72.152000 -145.239000 -170.100000 -100.028500 -26.875250 -131.588667 -132.082000 5.365000 -104.933000 -96.089889 -99.363959 
-73.701153 -73.585505 -73.374114 -72.078284 -59.339889 -156.846000 -143.840796 -125.851667 -49.396667 -159.666000 -83.581500 -26.310000 -128.010062 -41.940400 -19.614500 -119.661250 -54.514250 -77.399000 -108.269667 -102.638028 -7.705410 
-72.788407 -72.448927 -70.387162 -65.709086 -63.092945 -156.846000 -116.534000 -136.717943 -144.905496 -64.707648 -146.186425 -135.188200 -129.710572 -7.264333 -96.797000 -141.245500 -40.575800 -35.700560 -101.259557 -184.388313 -98.513171 
-72.218459 -71.418044 -68.048124 -65.709086 -0.000000 -143.230131 -139.572645 -142.427347 -145.658603 -146.303326 -49.413735 -43.797850 -40.715500 13.155000 -0.312500 -0.717143 -38.589333 -105.682000 -155.386000 -87.011290 -89.437492 
-71.818252 -71.418044 -0.000000 -0.000000 36.619673 -143.230131 -143.230131 -144.032914 -144.012791 -141.661890 -135.271894 -31.572667 -25.732754 -13.401439 -0.186313 -13.029382 -108.825206 -102.353487 -94.560671 -84.486671 -89.261839 
-0.000000 -0.000000 -0.000000 -0.000000 -143.380327 -143.380327 -143.530524 -143.328528 -142.038277 -138.445515 -132.835484 -126.353200 -116.765015 -106.521380 -100.784628 -98.000108 -103.284898 -104.821197 -103.587342 -94.037007 -89.261839 
