21 12
0.032724 0.032724 0.000000 0.033272 0.033272 0.000000 0.033141 0.033141 0.000000 0.032076 0.032076 0.000000 0.030382 0.030382 0.000000 0.028152 0.028152 0.000000 0.026778 0.026778 0.000000 0.024639 0.024639 0.000000 0.023811 0.023811 0.000000 0.023639 0.023639 0.000000 0.023008 0.023008 0.000000 0.024736 0.024736 0.000000 0.027002 0.027002 0.000000 0.030180 0.030180 0.000000 0.030383 0.030383 0.000000 0.032314 0.032314 0.000000 0.030450 0.030450 0.000000 0.030758 0.030758 0.000000 0.026465 0.026465 0.000000 0.026175 0.026175 0.000000 0.026058 0.026058 0.000000 
0.031975 0.031975 0.000000 0.032916 0.032916 0.000000 0.033748 0.033748 0.000000 0.033567 0.033567 0.000000 0.032175 0.032175 0.000000 0.030627 0.030627 0.000000 0.026862 0.026862 0.000000 0.024444 0.024444 0.000000 0.023257 0.023257 0.000000 0.023879 0.023879 0.000000 0.024412 0.024412 0.000000 0.020527 0.020527 0.000000 0.030157 0.030157 0.000000 0.031399 0.031399 0.000000 0.030758 0.030758 0.000000 0.027030 0.027030 0.000000 0.037874 0.037874 0.000000 0.021739 0.021739 0.000000 0.026117 0.026117 0.000000 0.025910 0.025910 0.000000 0.026234 0.026234 0.000000 
0.030247 0.030247 0.000000 0.031379 0.031379 0.000000 0.033309 0.033309 0.000000 0.035837 0.035837 0.000000 0.035373 0.035373 0.000000 0.033909 0.033909 0.000000 0.030582 0.030582 0.000000 0.025210 0.025210 0.000000 0.017114 0.017114 0.000000 0.025910 0.025910 0.000000 0.026863 0.026863 0.000000 0.023980 0.023980 0.000000 0.026779 0.026779 0.000000 0.027167 0.027167 0.000000 0.035567 0.035567 0.000000 0.030157 0.030157 0.000000 0.027168 0.027168 0.000000 0.025609 0.025609 0.000000 0.024347 0.024347 0.000000 0.026494 0.026494 0.000000 0.026637 0.026637 0.000000 
0.027865 0.027865 0.000000 0.028584 0.028584 0.000000 0.029532 0.029532 0.000000 0.033891 0.033891 0.000000 0.040942 0.040942 0.000000 0.034743 0.034743 0.000000 0.033980 0.033980 0.000000 0.031628 0.031628 0.000000 0.012033 0.012033 0.000000 0.025364 0.025364 0.000000 0.021970 0.021970 0.000000 0.024444 0.024444 0.000000 0.013873 0.013873 0.000000 0.030089 0.030089 0.000000 0.034994 0.034994 0.000000 0.032334 0.032334 0.000000 0.031995 0.031995 0.000000 0.026580 0.026580 0.000000 0.027865 0.027865 0.000000 0.027194 0.027194 0.000000 0.027304 0.027304 0.000000 
0.025670 0.025670 0.000000 0.025396 0.025396 0.000000 0.025334 0.025334 0.000000 0.020611 0.020611 0.000000 0.035078 0.035078 0.000000 0.035931 0.035931 0.000000 0.029674 0.029674 0.000000 0.024147 0.024147 0.000000 0.032055 0.032055 0.000000 0.017978 0.017978 0.000000 0.021622 0.021622 0.000000 0.029580 0.029580 0.000000 0.031082 0.031082 0.000000 0.028931 0.028931 0.000000 0.030112 0.030112 0.000000 0.026693 0.026693 0.000000 0.027494 0.027494 0.000000 0.031586 0.031586 0.000000 0.027440 0.027440 0.000000 0.026722 0.026722 0.000000 0.027494 0.027494 0.000000 
0.024640 0.024640 0.000000 0.023845 0.023845 0.000000 0.022311 0.022311 0.000000 0.022122 0.022122 0.000000 0.037180 0.037180 0.000000 0.018416 0.018416 0.000000 0.024672 0.024672 0.000000 0.021816 0.021816 0.000000 0.028484 0.028484 0.000000 0.025850 0.025850 0.000000 0.028584 0.028584 0.000000 0.031566 0.031566 0.000000 0.034139 0.034139 0.000000 0.030801 0.030801 0.000000 0.032858 0.032858 0.000000 0.031441 0.031441 0.000000 0.027304 0.027304 0.000000 0.024928 0.024928 0.000000 0.028022 0.028022 0.000000 0.027760 0.027760 0.000000 0.027413 0.027413 0.000000 
0.024640 0.024640 0.000000 0.023845 0.023845 0.000000 0.022311 0.022311 0.000000 0.022122 0.022122 0.000000 0.037180 0.037180 0.000000 0.018416 0.018416 0.000000 0.024672 0.024672 0.000000 0.021816 0.021816 0.000000 0.028484 0.028484 0.000000 0.025850 0.025850 0.000000 0.028584 0.028584 0.000000 0.031566 0.031566 0.000000 0.034139 0.034139 0.000000 0.030801 0.030801 0.000000 0.032858 0.032858 0.000000 0.031441 0.031441 0.000000 0.027304 0.027304 0.000000 0.024928 0.024928 0.000000 0.028022 0.028022 0.000000 0.027760 0.027760 0.000000 0.027413 0.027413 0.000000 
0.025670 0.025670 0.000000 0.025396 0.025396 0.000000 0.025334 0.025334 0.000000 0.020611 0.020611 0.000000 0.035078 0.035078 0.000000 0.035931 0.035931 0.000000 0.029674 0.029674 0.000000 0.024147 0.024147 0.000000 0.032055 0.032055 0.000000 0.017978 0.017978 0.000000 0.021622 0.021622 0.000000 0.029580 0.029580 0.000000 0.031082 0.031082 0.000000 0.028931 0.028931 0.000000 0.030112 0.030112 0.000000 0.026693 0.026693 0.000000 0.027494 0.027494 0.000000 0.031586 0.031586 0.000000 0.027440 0.027440 0.000000 0.026722 0.026722 0.000000 0.027494 0.027494 0.000000 
0.027865 0.027865 0.000000 0.028584 0.028584 0.000000 0.029532 0.029532 0.000000 0.033891 0.033891 0.000000 0.040942 0.040942 0.000000 0.034743 0.034743 0.000000 0.033980 0.033980 0.000000 0.031628 0.031628 0.000000 0.012033 0.012033 0.000000 0.025364 0.025364 0.000000 0.021970 0.021970 0.000000 0.024444 0.024444 0.000000 0.013873 0.013873 0.000000 0.030089 0.030089 0.000000 0.034994 0.034994 0.000000 0.032334 0.032334 0.000000 0.031995 0.031995 0.000000 0.026580 0.026580 0.000000 0.027865 0.027865 0.000000 0.027194 0.027194 0.000000 0.027304 0.027304 0.000000 
0.030247 0.030247 0.000000 0.031379 0.031379 0.000000 0.033309 0.033309 0.000000 0.035837 0.035837 0.000000 0.035373 0.035373 0.000000 0.033909 0.033909 0.000000 0.030582 0.030582 0.000000 0.025210 0.025210 0.000000 0.017114 0.017114 0.000000 0.025910 0.025910 0.000000 0.026863 0.026863 0.000000 0.023980 0.023980 0.000000 0.026779 0.026779 0.000000 0.027167 0.027167 0.000000 0.035567 0.035567 0.000000 0.030157 0.030157 0.000000 0.027168 0.027168 0.000000 0.025609 0.025609 0.000000 0.024347 0.024347 0.000000 0.026494 0.026494 0.000000 0.026637 0.026637 0.000000 
0.031975 0.031975 0.000000 0.032916 0.032916 0.000000 0.033748 0.033748 0.000000 0.033567 0.033567 0.000000 0.032175 0.032175 0.000000 0.030627 0.030627 0.000000 0.026862 0.026862 0.000000 0.024444 0.024444 0.000000 0.023257 0.023257 0.000000 0.023879 0.023879 0.000000 0.024412 0.024412 0.000000 0.020527 0.020527 0.000000 0.030157 0.030157 0.000000 0.031399 0.031399 0.000000 0.030758 0.030758 0.000000 0.027030 0.027030 0.000000 0.037874 0.037874 0.000000 0.021739 0.021739 0.000000 0.026117 0.026117 0.000000 0.025910 0.025910 0.000000 0.026234 0.026234 0.000000 
0.032724 0.032724 0.000000 0.033272 0.033272 0.000000 0.033141 0.033141 0.000000 0.032076 0.032076 0.000000 0.030382 0.030382 0.000000 0.028152 0.028152 0.000000 0.026778 0.026778 0.000000 0.024639 0.024639 0.000000 0.023811 0.023811 0.000000 0.023639 0.023639 0.000000 0.023008 0.023008 0.000000 0.024736 0.024736 0.000000 0.027002 0.027002 0.000000 0.030180 0.030180 0.000000 0.030383 0.030383 0.000000 0.032314 0.032314 0.000000 0.030450 0.030450 0.000000 0.030758 0.030758 0.000000 0.026465 0.026465 0.000000 0.026175 0.026175 0.000000 0.026058 0.026058 0.000000 
0.000000 0.000000 0.000000 0.000000 0.000000 0.000000 0.000000 0.000000 0.000000 0.000000 0.000000 0.000000 0.000000 0.000000 0.000000 0.000000 0.000000 0.000000 0.000000 0.000000 0.000000 
0.000000 0.000000 0.000000 0.000000 0.000000 0.000000 0.000000 0.000000 0.000000 0.000000 0.000000 0.000000 0.000000 0.000000 0.000000 0.000000 0.000000 0.000000 0.000000 0.000000 0.000000 
0.000000 0.000000 0.000000 0.000000 0.000000 0.000000 0.000000 0.000000 0.000000 0.000000 0.000000 0.000000 0.000000 0.000000 0.000000 0.000000 0.000000 0.000000 0.000000 0.000000 0.000000 
0.000000 0.000000 0.000000 0.000000 0.000000 0.000000 0.000000 0.000000 0.000000 0.000000 0.000000 0.000000 0.000000 0.000000 0.000000 0.000000 0.000000 0.000000 0.000000 0.000000 0.000000 
0.000000 0.000000 0.000000 0.000000 0.000000 0.000000 0.000000 0.000000 0.000000 0.000000 0.000000 0.000000 0.000000 0.000000 0.000000 0.000000 0.000000 0.000000 0.000000 0.000000 0.000000 
0.000000 0.000000 0.000000 0.000000 0.000000 0.000000 0.000000 0.000000 0.000000 0.000000 0.000000 0.000000 0.000000 0.000000 0.000000 0.000000 0.000000 0.000000 0.000000 0.000000 0.000000 
0.000000 0.000000 0.000000 0.000000 0.000000 0.000000 0.000000 0.000000 0.000000 0.000000 0.000000 0.000000 0.000000 0.000000 0.000000 0.000000 0.000000 0.000000 0.000000 0.000000 0.000000 
0.000000 0.000000 0.000000 0.000000 0.000000 0.000000 0.000000 0.000000 0.000000 0.000000 0.000000 0.000000 0.000000 0.000000 0.000000 0.000000 0.000000 0.000000 0.000000 0.000000 0.000000 
0.000000 0.000000 0.000000 0.000000 0.000000 0.000000 0.000000 0.000000 0.000000 0.000000 0.000000 0.000000 0.000000 0.000000 0.000000 0.000000 0.000000 0.000000 0.000000 0.000000 0.000000 
0.000000 0.000000 0.000000 0.000000 0.000000 0.000000 0.000000 0.000000 0.000000 0.000000 0.000000 0.000000 0.000000 0.000000 0.000000 0.000000 0.000000 0.000000 0.000000 0.000000 0.000000 
0.000000 0.000000 0.000000 0.000000 0.000000 0.000000 0.000000 0.000000 0.000000 0.000000 0.000000 0.000000 0.000000 0.000000 0.000000 0.000000 0.000000 0.000000 0.000000 0.000000 0.000000 
0.000000 0.000000 0.000000 0.000000 0.000000 0.000000 0.000000 0.000000 0.000000 0.000000 0.000000 0.000000 0.000000 0.000000 0.000000 0.000000 0.000000 0.000000 0.000000 0.000000 0.000000 
