21 12
0.042964 0.046303 0.000000 0.041631 0.048984 0.000000 0.040082 0.050343 0.000000 0.038471 0.049505 0.000000 0.047609 0.036567 0.000000 0.045192 0.034618 0.000000 0.043132 0.034279 0.000000 0.039420 0.033752 0.000000 0.033916 0.036119 0.000000 0.030470 0.036506 0.000000 0.019245 0.042959 0.000000 0.023909 0.041795 0.000000 0.029734 0.038314 0.000000 0.039180 0.037839 0.000000 0.044607 0.036173 0.000000 0.047954 0.036826 0.000000 0.046634 0.031994 0.000000 0.042699 0.030402 0.000000 0.037622 0.029271 0.000000 0.035187 0.031790 0.000000 0.033315 0.033828 0.000000 
0.044056 0.043361 0.000000 0.043149 0.046508 0.000000 0.041648 0.050088 0.000000 0.040051 0.051361 0.000000 0.049490 0.038737 0.000000 0.048015 0.036216 0.000000 0.044337 0.033268 0.000000 0.040485 0.033613 0.000000 0.038794 0.031857 0.000000 0.025772 0.042357 0.000000 0.045295 0.021346 0.000000 0.040677 0.010068 0.000000 0.036785 0.043514 0.000000 0.031334 0.038778 0.000000 0.043540 0.043311 0.000000 0.055834 0.030653 0.000000 0.046714 0.030956 0.000000 0.032591 0.026098 0.000000 0.036495 0.030231 0.000000 0.031401 0.035825 0.000000 0.032919 0.035129 0.000000 
0.045639 0.037812 0.000000 0.045761 0.040094 0.000000 0.045013 0.045412 0.000000 0.042874 0.053892 0.000000 0.054038 0.041610 0.000000 0.050134 0.041923 0.000000 0.049184 0.033069 0.000000 0.043256 0.033035 0.000000 0.030217 0.036002 0.000000 0.049411 0.021087 0.000000 0.037334 0.029054 0.000000 0.050807 0.022221 0.000000 0.053300 0.019800 0.000000 0.029730 0.027614 0.000000 0.045272 0.039070 0.000000 0.048197 0.035757 0.000000 0.048395 0.029533 0.000000 0.042684 0.022238 0.000000 0.045818 0.019105 0.000000 0.032022 0.037622 0.000000 0.028265 0.041614 0.000000 
0.046315 0.031868 0.000000 0.047120 0.032568 0.000000 0.048897 0.031944 0.000000 0.047850 0.044070 0.000000 0.066925 0.042255 0.000000 0.049613 0.044583 0.000000 0.054093 0.037689 0.000000 0.049728 0.028007 0.000000 0.031767 0.034790 0.000000 0.029295 0.015781 0.000000 0.013871 0.026892 0.000000 0.030733 0.039611 0.000000 0.029081 0.018595 0.000000 0.042007 0.028491 0.000000 0.037828 0.046733 0.000000 0.050906 0.040783 0.000000 0.047613 0.041898 0.000000 0.048027 0.022853 0.000000 0.049551 0.024193 0.000000 0.050901 0.020881 0.000000 0.024309 0.047917 0.000000 
0.045972 0.027630 0.000000 0.046055 0.026829 0.000000 0.047835 0.025409 0.000000 0.053793 0.001169 0.000000 0.049010 0.048606 0.000000 0.047392 0.044757 0.000000 0.047511 0.040059 0.000000 0.033713 0.028772 0.000000 0.042903 0.032305 0.000000 0.034446 0.026811 0.000000 0.033213 0.028897 0.000000 0.048547 0.025970 0.000000 0.048211 0.037056 0.000000 0.043876 0.037263 0.000000 0.043329 0.034082 0.000000 0.039881 0.035121 0.000000 0.041194 0.031762 0.000000 0.037337 0.049150 0.000000 0.051880 0.019076 0.000000 0.053230 0.018028 0.000000 0.052715 0.020023 0.000000 
0.045544 0.025939 0.000000 0.045048 0.025064 0.000000 0.042175 0.024634 0.000000 0.045209 0.029448 0.000000 0.046700 0.035321 0.000000 0.048971 0.039656 0.000000 0.029348 0.030645 0.000000 0.034480 0.030966 0.000000 0.034339 0.024756 0.000000 0.041298 0.041588 0.000000 0.045377 0.031114 0.000000 0.045694 0.033060 0.000000 0.043466 0.049674 0.000000 0.039050 0.043029 0.000000 0.063880 0.035804 0.000000 0.038066 0.042534 0.000000 0.049139 0.019394 0.000000 0.033250 0.036629 0.000000 0.053214 0.021512 0.000000 0.053012 0.020160 0.000000 0.053310 0.019283 0.000000 
0.045544 0.025939 0.000000 0.045048 0.025064 0.000000 0.042175 0.024634 0.000000 0.045209 0.029448 0.000000 0.046700 0.035321 0.000000 0.048971 0.039656 0.000000 0.029348 0.030645 0.000000 0.034480 0.030966 0.000000 0.034339 0.024756 0.000000 0.041298 0.041588 0.000000 0.045377 0.031114 0.000000 0.045694 0.033060 0.000000 0.043466 0.049674 0.000000 0.039050 0.043029 0.000000 0.063880 0.035804 0.000000 0.038066 0.042534 0.000000 0.049139 0.019394 0.000000 0.033250 0.036629 0.000000 0.053214 0.021512 0.000000 0.053012 0.020160 0.000000 0.053310 0.019283 0.000000 
0.045972 0.027630 0.000000 0.046055 0.026829 0.000000 0.047835 0.025409 0.000000 0.053793 0.001169 0.000000 0.049010 0.048606 0.000000 0.047392 0.044757 0.000000 0.047511 0.040059 0.000000 0.033713 0.028772 0.000000 0.042903 0.032305 0.000000 0.034446 0.026811 0.000000 0.033213 0.028897 0.000000 0.048547 0.025970 0.000000 0.048211 0.037056 0.000000 0.043876 0.037263 0.000000 0.043329 0.034082 0.000000 0.039881 0.035121 0.000000 0.041194 0.031762 0.000000 0.037337 0.049150 0.000000 0.051880 0.019076 0.000000 0.053230 0.018028 0.000000 0.052715 0.020023 0.000000 
0.046315 0.031868 0.000000 0.047120 0.032568 0.000000 0.048897 0.031944 0.000000 0.047850 0.044070 0.000000 0.066925 0.042255 0.000000 0.049613 0.044583 0.000000 0.054093 0.037689 0.000000 0.049728 0.028007 0.000000 0.031767 0.034790 0.000000 0.029295 0.015781 0.000000 0.013871 0.026892 0.000000 0.030733 0.039611 0.000000 0.029081 0.018595 0.000000 0.042007 0.028491 0.000000 0.037828 0.046733 0.000000 0.050906 0.040783 0.000000 0.047613 0.041898 0.000000 0.048027 0.022853 0.000000 0.049551 0.024193 0.000000 0.050901 0.020881 0.000000 0.024309 0.047917 0.000000 
0.045639 0.037812 0.000000 0.045761 0.040094 0.000000 0.045013 0.045412 0.000000 0.042874 0.053892 0.000000 0.054038 0.041610 0.000000 0.050134 0.041923 0.000000 0.049184 0.033069 0.000000 0.043256 0.033035 0.000000 0.030217 0.036002 0.000000 0.049411 0.021087 0.000000 0.037334 0.029054 0.000000 0.050807 0.022221 0.000000 0.053300 0.019800 0.000000 0.029730 0.027614 0.000000 0.045272 0.039070 0.000000 0.048197 0.035757 0.000000 0.048395 0.029533 0.000000 0.042684 0.022238 0.000000 0.045818 0.019105 0.000000 0.032022 0.037622 0.000000 0.028265 0.041614 0.000000 
0.044056 0.043361 0.000000 0.043149 0.046508 0.000000 0.041648 0.050088 0.000000 0.040051 0.051361 0.000000 0.049490 0.038737 0.000000 0.048015 0.036216 0.000000 0.044337 0.033268 0.000000 0.040485 0.033613 0.000000 0.038794 0.031857 0.000000 0.025772 0.042357 0.000000 0.045295 0.021346 0.000000 0.040677 0.010068 0.000000 0.036785 0.043514 0.000000 0.031334 0.038778 0.000000 0.043540 0.043311 0.000000 0.055834 0.030653 0.000000 0.046714 0.030956 0.000000 0.032591 0.026098 0.000000 0.036495 0.030231 0.000000 0.031401 0.035825 0.000000 0.032919 0.035129 0.000000 
0.042964 0.046303 0.000000 0.041631 0.048984 0.000000 0.040082 0.050343 0.000000 0.038471 0.049505 0.000000 0.047609 0.036567 0.000000 0.045192 0.034618 0.000000 0.043132 0.034279 0.000000 0.039420 0.033752 0.000000 0.033916 0.036119 0.000000 0.030470 0.036506 0.000000 0.019245 0.042959 0.000000 0.023909 0.041795 0.000000 0.029734 0.038314 0.000000 0.039180 0.037839 0.000000 0.044607 0.036173 0.000000 0.047954 0.036826 0.000000 0.046634 0.031994 0.000000 0.042699 0.030402 0.000000 0.037622 0.029271 0.000000 0.035187 0.031790 0.000000 0.033315 0.033828 0.000000 
12.032978 12.032978 13.255760 17.391446 115.030536 122.732924 124.101692 121.346772 125.018577 110.782225 136.997015 134.589058 134.417264 138.959088 152.458375 158.925813 173.221986 180.596956 7.331109 8.751899 16.029883 
22.795348 16.240384 10.810196 11.565638 105.578163 116.780521 127.316560 130.962917 105.760838 152.568329 47.802717 30.620000 52.936500 49.523500 59.862500 -14.606750 170.067214 18.501667 2.894706 16.029883 9.156800 
31.697871 24.655196 14.093236 3.473504 92.180347 90.618861 132.406141 118.580622 167.104067 74.790333 50.576200 35.224333 53.447429 48.732600 62.563000 -2.372214 19.084571 120.870200 141.610000 2.283718 14.527097 
34.523593 35.914825 27.240566 10.320116 82.662000 78.660007 122.049600 156.588200 158.067105 89.933667 118.592800 151.508667 98.546667 5.640833 88.252091 15.435364 31.098385 89.913000 109.362475 115.267690 12.670136 
39.150636 38.373714 42.130194 36.118000 109.549000 24.556444 67.522286 137.360000 67.972857 151.757571 68.443375 39.394167 49.449467 1.592667 30.536000 133.015333 64.634538 183.683364 109.639286 100.459000 104.417087 
40.229239 42.084764 42.039333 48.233250 69.983667 81.374286 160.913111 157.101000 21.541167 69.420500 127.508143 147.118200 87.172500 35.359556 31.724800 117.234583 102.691833 -11.505667 110.494400 97.524572 98.991786 
-40.229239 -42.084764 -42.039333 -48.233250 -69.983667 -81.374286 -160.913111 -157.101000 -21.541167 -69.420500 -127.508143 -147.118200 -87.172500 -35.359556 -31.724800 -117.234583 -102.691833 11.505667 -110.494400 -97.524572 -98.991786 
-39.150636 -38.373714 -42.130194 -36.118000 -109.549000 -24.556444 -67.522286 -137.360000 -67.972857 -151.757571 -68.443375 -39.394167 -49.449467 -1.592667 -30.536000 -133.015333 -64.634538 -183.683364 -109.639286 -100.459000 -104.417087 
-34.523593 -35.914825 -27.240566 -10.320116 -82.662000 -78.660007 -122.049600 -156.588200 -158.067105 -89.933667 -118.592800 -151.508667 -98.546667 -5.640833 -88.252091 -15.435364 -31.098385 -89.913000 -109.362475 -115.267690 -12.670136 
-31.697871 -24.655196 -14.093236 -3.473504 -92.180347 -90.618861 -132.406141 -118.580622 -167.104067 -74.790333 -50.576200 -35.224333 -53.447429 -48.732600 -62.563000 2.372214 -19.084571 -120.870200 -141.610000 -2.283718 -14.527097 
-22.795348 -16.240384 -10.810196 -11.565638 -105.578163 -116.780521 -127.316560 -130.962917 -105.760838 -152.568329 -47.802717 -30.620000 -52.936500 -49.523500 -59.862500 14.606750 -170.067214 -18.501667 -2.894706 -16.029883 -9.156800 
-12.032978 -12.032978 -13.255760 -17.391446 -115.030536 -122.732924 -124.101692 -121.346772 -125.018577 -110.782225 -136.997015 -134.589058 -134.417264 -138.959088 -152.458375 -158.925813 -173.221986 -180.596956 -7.331109 -8.751899 -16.029883 
