21 12
0.042768 0.042768 0.008720 0.042980 0.042980 0.008720 0.042980 0.042980 0.008720 0.042660 0.042660 0.008720 0.042005 0.042005 0.008720 0.040923 0.040923 0.008720 0.039936 0.039936 0.008720 0.037775 0.037775 0.008720 0.035363 0.035363 0.008720 0.033024 0.033024 0.008720 0.031103 0.031103 0.008720 0.031928 0.031928 0.008720 0.034625 0.034625 0.008720 0.038476 0.038476 0.008720 0.040361 0.040361 0.008720 0.040777 0.040777 0.008720 0.040300 0.040300 0.008720 0.039219 0.039219 0.008720 0.038411 0.038411 0.008720 0.037877 0.037877 0.008720 0.037570 0.037570 0.008720 
0.042499 0.042499 0.008720 0.042821 0.042821 0.008720 0.043112 0.043112 0.008720 0.043164 0.043164 0.008720 0.042767 0.042767 0.008720 0.042253 0.042253 0.008720 0.040451 0.040451 0.008720 0.038738 0.038738 0.008720 0.035629 0.035629 0.008720 0.033024 0.033024 0.008720 0.031973 0.031973 0.008720 0.028085 0.028085 0.008720 0.036149 0.036149 0.008720 0.040835 0.040835 0.008720 0.041242 0.041242 0.008720 0.040717 0.040717 0.008720 0.039282 0.039282 0.008720 0.038011 0.038011 0.008720 0.037877 0.037877 0.008720 0.037224 0.037224 0.008720 0.037501 0.037501 0.008720 
0.041865 0.041865 0.008720 0.042253 0.042253 0.008720 0.042848 0.042848 0.008720 0.043708 0.043708 0.008720 0.044063 0.044063 0.008720 0.043632 0.043632 0.008720 0.042444 0.042444 0.008720 0.039844 0.039844 0.008720 0.035402 0.035402 0.008720 0.032593 0.032593 0.008720 0.031656 0.031656 0.008720 0.035248 0.035248 0.008720 0.041528 0.041528 0.008720 0.038510 0.038510 0.008720 0.040777 0.040777 0.008720 0.039440 0.039440 0.008720 0.035779 0.035779 0.008720 0.038212 0.038212 0.008720 0.034387 0.034387 0.008720 0.037259 0.037259 0.008720 0.037258 0.037258 0.008720 
0.041040 0.041040 0.008720 0.041271 0.041271 0.008720 0.041726 0.041726 0.008720 0.042660 0.042660 0.008720 0.045237 0.045237 0.008720 0.044973 0.044973 0.008720 0.045891 0.045891 0.008720 0.040570 0.040570 0.008720 0.033983 0.033983 0.008720 0.032418 0.032418 0.008720 0.031195 0.031195 0.008720 0.034226 0.034226 0.008720 0.042253 0.042253 0.008720 0.054861 0.054861 0.008720 0.054130 0.054130 0.008720 0.014853 0.014853 0.008720 0.051206 0.051206 0.008720 0.040240 0.040240 0.008720 0.038900 0.038900 0.008720 0.037259 0.037259 0.008720 0.037843 0.037843 0.008720 
0.040300 0.040300 0.008720 0.040210 0.040210 0.008720 0.040149 0.040149 0.008720 0.040179 0.040179 0.008720 0.040836 0.040836 0.008720 0.050810 0.050810 0.008720 0.039502 0.039502 0.008720 0.032505 0.032505 0.008720 0.045799 0.045799 0.008720 0.018239 0.018239 0.008720 0.023904 0.023904 0.008720 0.043060 0.043060 0.008720 0.042633 0.042633 0.008720 0.035779 0.035779 0.008720 0.047928 0.047928 0.008720 0.029140 0.029140 0.008720 0.035816 0.035816 0.008720 0.041866 0.041866 0.008720 0.036077 0.036077 0.008720 0.038802 0.038802 0.008720 0.038477 0.038477 0.008720 
0.039967 0.039967 0.008720 0.039689 0.039689 0.008720 0.039250 0.039250 0.008720 0.038311 0.038311 0.008720 0.035326 0.035326 0.008720 0.027867 0.027867 0.008720 0.025979 0.025979 0.008720 0.044188 0.044188 0.008720 0.046946 0.046946 0.008720 0.031747 0.031747 0.008720 0.039997 0.039997 0.008720 0.045659 0.045659 0.008720 0.047908 0.047908 0.008720 0.029446 0.029446 0.008720 0.043269 0.043269 0.008720 0.045331 0.045331 0.008720 0.030046 0.030046 0.008720 0.041328 0.041328 0.008720 0.040391 0.040391 0.008720 0.039156 0.039156 0.008720 0.038996 0.038996 0.008720 
0.039967 0.039967 0.008720 0.039689 0.039689 0.008720 0.039250 0.039250 0.008720 0.038311 0.038311 0.008720 0.035326 0.035326 0.008720 0.027867 0.027867 0.008720 0.025979 0.025979 0.008720 0.044188 0.044188 0.008720 0.046946 0.046946 0.008720 0.031747 0.031747 0.008720 0.039997 0.039997 0.008720 0.045659 0.045659 0.008720 0.047908 0.047908 0.008720 0.029446 0.029446 0.008720 0.043269 0.043269 0.008720 0.045331 0.045331 0.008720 0.030046 0.030046 0.008720 0.041328 0.041328 0.008720 0.040391 0.040391 0.008720 0.039156 0.039156 0.008720 0.038996 0.038996 0.008720 
0.040300 0.040300 0.008720 0.040210 0.040210 0.008720 0.040149 0.040149 0.008720 0.040179 0.040179 0.008720 0.040836 0.040836 0.008720 0.050810 0.050810 0.008720 0.039502 0.039502 0.008720 0.032505 0.032505 0.008720 0.045799 0.045799 0.008720 0.018239 0.018239 0.008720 0.023904 0.023904 0.008720 0.043060 0.043060 0.008720 0.042633 0.042633 0.008720 0.035779 0.035779 0.008720 0.047928 0.047928 0.008720 0.029140 0.029140 0.008720 0.035816 0.035816 0.008720 0.041866 0.041866 0.008720 0.036077 0.036077 0.008720 0.038802 0.038802 0.008720 0.038477 0.038477 0.008720 
0.041040 0.041040 0.008720 0.041271 0.041271 0.008720 0.041726 0.041726 0.008720 0.042660 0.042660 0.008720 0.045237 0.045237 0.008720 0.044973 0.044973 0.008720 0.045891 0.045891 0.008720 0.040570 0.040570 0.008720 0.033983 0.033983 0.008720 0.032418 0.032418 0.008720 0.031195 0.031195 0.008720 0.034226 0.034226 0.008720 0.042253 0.042253 0.008720 0.054861 0.054861 0.008720 0.054130 0.054130 0.008720 0.014853 0.014853 0.008720 0.051206 0.051206 0.008720 0.040240 0.040240 0.008720 0.038900 0.038900 0.008720 0.037259 0.037259 0.008720 0.037843 0.037843 0.008720 
0.041865 0.041865 0.008720 0.042253 0.042253 0.008720 0.042848 0.042848 0.008720 0.043708 0.043708 0.008720 0.044063 0.044063 0.008720 0.043632 0.043632 0.008720 0.042444 0.042444 0.008720 0.039844 0.039844 0.008720 0.035402 0.035402 0.008720 0.032593 0.032593 0.008720 0.031656 0.031656 0.008720 0.035248 0.035248 0.008720 0.041528 0.041528 0.008720 0.038510 0.038510 0.008720 0.040777 0.040777 0.008720 0.039440 0.039440 0.008720 0.035779 0.035779 0.008720 0.038212 0.038212 0.008720 0.034387 0.034387 0.008720 0.037259 0.037259 0.008720 0.037258 0.037258 0.008720 
0.042499 0.042499 0.008720 0.042821 0.042821 0.008720 0.043112 0.043112 0.008720 0.043164 0.043164 0.008720 0.042767 0.042767 0.008720 0.042253 0.042253 0.008720 0.040451 0.040451 0.008720 0.038738 0.038738 0.008720 0.035629 0.035629 0.008720 0.033024 0.033024 0.008720 0.031973 0.031973 0.008720 0.028085 0.028085 0.008720 0.036149 0.036149 0.008720 0.040835 0.040835 0.008720 0.041242 0.041242 0.008720 0.040717 0.040717 0.008720 0.039282 0.039282 0.008720 0.038011 0.038011 0.008720 0.037877 0.037877 0.008720 0.037224 0.037224 0.008720 0.037501 0.037501 0.008720 
0.042768 0.042768 0.008720 0.042980 0.042980 0.008720 0.042980 0.042980 0.008720 0.042660 0.042660 0.008720 0.042005 0.042005 0.008720 0.040923 0.040923 0.008720 0.039936 0.039936 0.008720 0.037775 0.037775 0.008720 0.035363 0.035363 0.008720 0.033024 0.033024 0.008720 0.031103 0.031103 0.008720 0.031928 0.031928 0.008720 0.034625 0.034625 0.008720 0.038476 0.038476 0.008720 0.040361 0.040361 0.008720 0.040777 0.040777 0.008720 0.040300 0.040300 0.008720 0.039219 0.039219 0.008720 0.038411 0.038411 0.008720 0.037877 0.037877 0.008720 0.037570 0.037570 0.008720 
0.000000 0.000000 0.000000 0.000000 0.000000 0.000000 0.000000 0.000000 0.000000 0.000000 0.000000 0.000000 0.000000 0.000000 0.000000 0.000000 0.000000 0.000000 0.000000 0.000000 0.000000 
0.000000 0.000000 0.000000 0.000000 0.000000 0.000000 0.000000 0.000000 0.000000 0.000000 0.000000 0.000000 0.000000 0.000000 0.000000 0.000000 0.000000 0.000000 0.000000 0.000000 0.000000 
0.000000 0.000000 0.000000 0.000000 0.000000 0.000000 0.000000 0.000000 0.000000 0.000000 0.000000 0.000000 0.000000 0.000000 0.000000 0.000000 0.000000 0.000000 0.000000 0.000000 0.000000 
0.000000 0.000000 0.000000 0.000000 0.000000 0.000000 0.000000 0.000000 0.000000 0.000000 0.000000 0.000000 0.000000 0.000000 0.000000 0.000000 0.000000 0.000000 0.000000 0.000000 0.000000 
0.000000 0.000000 0.000000 0.000000 0.000000 0.000000 0.000000 0.000000 0.000000 0.000000 0.000000 0.000000 0.000000 0.000000 0.000000 0.000000 0.000000 0.000000 0.000000 0.000000 0.000000 
0.000000 0.000000 0.000000 0.000000 0.000000 0.000000 0.000000 0.000000 0.000000 0.000000 0.000000 0.000000 0.000000 0.000000 0.000000 0.000000 0.000000 0.000000 0.000000 0.000000 0.000000 
0.000000 0.000000 0.000000 0.000000 0.000000 0.000000 0.000000 0.000000 0.000000 0.000000 0.000000 0.000000 0.000000 0.000000 0.000000 0.000000 0.000000 0.000000 0.000000 0.000000 0.000000 
0.000000 0.000000 0.000000 0.000000 0.000000 0.000000 0.000000 0.000000 0.000000 0.000000 0.000000 0.000000 0.000000 0.000000 0.000000 0.000000 0.000000 0.000000 0.000000 0.000000 0.000000 
0.000000 0.000000 0.000000 0.000000 0.000000 0.000000 0.000000 0.000000 0.000000 0.000000 0.000000 0.000000 0.000000 0.000000 0.000000 0.000000 0.000000 0.000000 0.000000 0.000000 0.000000 
0.000000 0.000000 0.000000 0.000000 0.000000 0.000000 0.000000 0.000000 0.000000 0.000000 0.000000 0.000000 0.000000 0.000000 0.000000 0.000000 0.000000 0.000000 0.000000 0.000000 0.000000 
0.000000 0.000000 0.000000 0.000000 0.000000 0.000000 0.000000 0.000000 0.000000 0.000000 0.000000 0.000000 0.000000 0.000000 0.000000 0.000000 0.000000 0.000000 0.000000 0.000000 0.000000 
0.000000 0.000000 0.000000 0.000000 0.000000 0.000000 0.000000 0.000000 0.000000 0.000000 0.000000 0.000000 0.000000 0.000000 0.000000 0.000000 0.000000 0.000000 0.000000 0.000000 0.000000 
