21 12
0.043620 0.043620 0.000000 0.043633 0.043633 0.000000 0.042994 0.042994 0.000000 0.041478 0.041478 0.000000 0.039570 0.039570 0.000000 0.038121 0.038121 0.000000 0.038061 0.038061 0.000000 0.038280 0.038280 0.000000 0.038869 0.038869 0.000000 0.039057 0.039057 0.000000 0.038587 0.038587 0.000000 0.038897 0.038897 0.000000 0.037757 0.037757 0.000000 0.039878 0.039878 0.000000 0.039352 0.039352 0.000000 0.040814 0.040814 0.000000 0.035683 0.035683 0.000000 0.033479 0.033479 0.000000 0.030872 0.030872 0.000000 0.032017 0.032017 0.000000 0.032422 0.032422 0.000000 
0.043428 0.043428 0.000000 0.043798 0.043798 0.000000 0.044092 0.044092 0.000000 0.043328 0.043328 0.000000 0.041367 0.041367 0.000000 0.039086 0.039086 0.000000 0.037174 0.037174 0.000000 0.037655 0.037655 0.000000 0.039348 0.039348 0.000000 0.039370 0.039370 0.000000 0.038913 0.038913 0.000000 0.037430 0.037430 0.000000 0.040539 0.040539 0.000000 0.033530 0.033530 0.000000 0.045776 0.045776 0.000000 0.036137 0.036137 0.000000 0.037042 0.037042 0.000000 0.026099 0.026099 0.000000 0.032310 0.032310 0.000000 0.032819 0.032819 0.000000 0.033278 0.033278 0.000000 
0.042834 0.042834 0.000000 0.043434 0.043434 0.000000 0.044635 0.044635 0.000000 0.046589 0.046589 0.000000 0.045037 0.045037 0.000000 0.042488 0.042488 0.000000 0.037130 0.037130 0.000000 0.036726 0.036726 0.000000 0.037316 0.037316 0.000000 0.043321 0.043321 0.000000 0.037328 0.037328 0.000000 0.035219 0.035219 0.000000 0.034547 0.034547 0.000000 0.042660 0.042660 0.000000 0.038494 0.038494 0.000000 0.038995 0.038995 0.000000 0.041271 0.041271 0.000000 0.035515 0.035515 0.000000 0.033002 0.033002 0.000000 0.034891 0.034891 0.000000 0.035001 0.035001 0.000000 
0.041812 0.041812 0.000000 0.042230 0.042230 0.000000 0.042684 0.042684 0.000000 0.045691 0.045691 0.000000 0.052619 0.052619 0.000000 0.043406 0.043406 0.000000 0.037328 0.037328 0.000000 0.037328 0.037328 0.000000 0.034820 0.034820 0.000000 0.032093 0.032093 0.000000 0.027537 0.027537 0.000000 0.038012 0.038012 0.000000 0.030549 0.030549 0.000000 0.032093 0.032093 0.000000 0.035243 0.035243 0.000000 0.039782 0.039782 0.000000 0.031334 0.031334 0.000000 0.032093 0.032093 0.000000 0.036742 0.036742 0.000000 0.037074 0.037074 0.000000 0.037633 0.037633 0.000000 
0.040801 0.040801 0.000000 0.040660 0.040660 0.000000 0.040678 0.040678 0.000000 0.036137 0.036137 0.000000 0.045776 0.045776 0.000000 0.037329 0.037329 0.000000 0.045189 0.045189 0.000000 0.028881 0.028881 0.000000 0.031335 0.031335 0.000000 0.032461 0.032461 0.000000 0.028882 0.028882 0.000000 0.032823 0.032823 0.000000 0.040038 0.040038 0.000000 0.037094 0.037094 0.000000 0.028882 0.028882 0.000000 0.040540 0.040540 0.000000 0.028881 0.028881 0.000000 0.037328 0.037328 0.000000 0.037329 0.037329 0.000000 0.040540 0.040540 0.000000 0.039359 0.039359 0.000000 
0.040302 0.040302 0.000000 0.039939 0.039939 0.000000 0.039174 0.039174 0.000000 0.040540 0.040540 0.000000 0.046901 0.046901 0.000000 0.033530 0.033530 0.000000 0.036441 0.036441 0.000000 0.034117 0.034117 0.000000 0.030144 0.030144 0.000000 0.026099 0.026099 0.000000 0.037328 0.037328 0.000000 0.041509 0.041509 0.000000 0.036260 0.036260 0.000000 0.031335 0.031335 0.000000 0.051769 0.051769 0.000000 0.034045 0.034045 0.000000 0.035515 0.035515 0.000000 0.027068 0.027068 0.000000 0.041509 0.041509 0.000000 0.040291 0.040291 0.000000 0.040416 0.040416 0.000000 
0.040302 0.040302 0.000000 0.039939 0.039939 0.000000 0.039174 0.039174 0.000000 0.040540 0.040540 0.000000 0.046901 0.046901 0.000000 0.033530 0.033530 0.000000 0.036441 0.036441 0.000000 0.034117 0.034117 0.000000 0.030144 0.030144 0.000000 0.026099 0.026099 0.000000 0.037328 0.037328 0.000000 0.041509 0.041509 0.000000 0.036260 0.036260 0.000000 0.031335 0.031335 0.000000 0.051769 0.051769 0.000000 0.034045 0.034045 0.000000 0.035515 0.035515 0.000000 0.027068 0.027068 0.000000 0.041509 0.041509 0.000000 0.040291 0.040291 0.000000 0.040416 0.040416 0.000000 
0.040801 0.040801 0.000000 0.040660 0.040660 0.000000 0.040678 0.040678 0.000000 0.036137 0.036137 0.000000 0.045776 0.045776 0.000000 0.037329 0.037329 0.000000 0.045189 0.045189 0.000000 0.028881 0.028881 0.000000 0.031335 0.031335 0.000000 0.032461 0.032461 0.000000 0.028882 0.028882 0.000000 0.032823 0.032823 0.000000 0.040038 0.040038 0.000000 0.037094 0.037094 0.000000 0.028882 0.028882 0.000000 0.040540 0.040540 0.000000 0.028881 0.028881 0.000000 0.037328 0.037328 0.000000 0.037329 0.037329 0.000000 0.040540 0.040540 0.000000 0.039359 0.039359 0.000000 
0.041812 0.041812 0.000000 0.042230 0.042230 0.000000 0.042684 0.042684 0.000000 0.045691 0.045691 0.000000 0.052619 0.052619 0.000000 0.043406 0.043406 0.000000 0.037328 0.037328 0.000000 0.037328 0.037328 0.000000 0.034820 0.034820 0.000000 0.032093 0.032093 0.000000 0.027537 0.027537 0.000000 0.038012 0.038012 0.000000 0.030549 0.030549 0.000000 0.032093 0.032093 0.000000 0.035243 0.035243 0.000000 0.039782 0.039782 0.000000 0.031334 0.031334 0.000000 0.032093 0.032093 0.000000 0.036742 0.036742 0.000000 0.037074 0.037074 0.000000 0.037633 0.037633 0.000000 
0.042834 0.042834 0.000000 0.043434 0.043434 0.000000 0.044635 0.044635 0.000000 0.046589 0.046589 0.000000 0.045037 0.045037 0.000000 0.042488 0.042488 0.000000 0.037130 0.037130 0.000000 0.036726 0.036726 0.000000 0.037316 0.037316 0.000000 0.043321 0.043321 0.000000 0.037328 0.037328 0.000000 0.035219 0.035219 0.000000 0.034547 0.034547 0.000000 0.042660 0.042660 0.000000 0.038494 0.038494 0.000000 0.038995 0.038995 0.000000 0.041271 0.041271 0.000000 0.035515 0.035515 0.000000 0.033002 0.033002 0.000000 0.034891 0.034891 0.000000 0.035001 0.035001 0.000000 
0.043428 0.043428 0.000000 0.043798 0.043798 0.000000 0.044092 0.044092 0.000000 0.043328 0.043328 0.000000 0.041367 0.041367 0.000000 0.039086 0.039086 0.000000 0.037174 0.037174 0.000000 0.037655 0.037655 0.000000 0.039348 0.039348 0.000000 0.039370 0.039370 0.000000 0.038913 0.038913 0.000000 0.037430 0.037430 0.000000 0.040539 0.040539 0.000000 0.033530 0.033530 0.000000 0.045776 0.045776 0.000000 0.036137 0.036137 0.000000 0.037042 0.037042 0.000000 0.026099 0.026099 0.000000 0.032310 0.032310 0.000000 0.032819 0.032819 0.000000 0.033278 0.033278 0.000000 
0.043620 0.043620 0.000000 0.043633 0.043633 0.000000 0.042994 0.042994 0.000000 0.041478 0.041478 0.000000 0.039570 0.039570 0.000000 0.038121 0.038121 0.000000 0.038061 0.038061 0.000000 0.038280 0.038280 0.000000 0.038869 0.038869 0.000000 0.039057 0.039057 0.000000 0.038587 0.038587 0.000000 0.038897 0.038897 0.000000 0.037757 0.037757 0.000000 0.039878 0.039878 0.000000 0.039352 0.039352 0.000000 0.040814 0.040814 0.000000 0.035683 0.035683 0.000000 0.033479 0.033479 0.000000 0.030872 0.030872 0.000000 0.032017 0.032017 0.000000 0.032422 0.032422 0.000000 
0.000000 0.000000 0.000000 0.000000 0.000000 0.000000 0.000000 0.000000 0.000000 0.000000 0.000000 0.000000 0.000000 0.000000 0.000000 0.000000 0.000000 0.000000 0.000000 0.000000 0.000000 
0.000000 0.000000 0.000000 0.000000 0.000000 0.000000 0.000000 0.000000 0.000000 0.000000 0.000000 0.000000 0.000000 0.000000 0.000000 0.000000 0.000000 0.000000 0.000000 0.000000 0.000000 
0.000000 0.000000 0.000000 0.000000 0.000000 0.000000 0.000000 0.000000 0.000000 0.000000 0.000000 0.000000 0.000000 0.000000 0.000000 0.000000 0.000000 0.000000 0.000000 0.000000 0.000000 
0.000000 0.000000 0.000000 0.000000 0.000000 0.000000 0.000000 0.000000 0.000000 0.000000 0.000000 0.000000 0.000000 0.000000 0.000000 0.000000 0.000000 0.000000 0.000000 0.000000 0.000000 
0.000000 0.000000 0.000000 0.000000 0.000000 0.000000 0.000000 0.000000 0.000000 0.000000 0.000000 0.000000 0.000000 0.000000 0.000000 0.000000 0.000000 0.000000 0.000000 0.000000 0.000000 
0.000000 0.000000 0.000000 0.000000 0.000000 0.000000 0.000000 0.000000 0.000000 0.000000 0.000000 0.000000 0.000000 0.000000 0.000000 0.000000 0.000000 0.000000 0.000000 0.000000 0.000000 
0.000000 0.000000 0.000000 0.000000 0.000000 0.000000 0.000000 0.000000 0.000000 0.000000 0.000000 0.000000 0.000000 0.000000 0.000000 0.000000 0.000000 0.000000 0.000000 0.000000 0.000000 
0.000000 0.000000 0.000000 0.000000 0.000000 0.000000 0.000000 0.000000 0.000000 0.000000 0.000000 0.000000 0.000000 0.000000 0.000000 0.000000 0.000000 0.000000 0.000000 0.000000 0.000000 
0.000000 0.000000 0.000000 0.000000 0.000000 0.000000 0.000000 0.000000 0.000000 0.000000 0.000000 0.000000 0.000000 0.000000 0.000000 0.000000 0.000000 0.000000 0.000000 0.000000 0.000000 
0.000000 0.000000 0.000000 0.000000 0.000000 0.000000 0.000000 0.000000 0.000000 0.000000 0.000000 0.000000 0.000000 0.000000 0.000000 0.000000 0.000000 0.000000 0.000000 0.000000 0.000000 
0.000000 0.000000 0.000000 0.000000 0.000000 0.000000 0.000000 0.000000 0.000000 0.000000 0.000000 0.000000 0.000000 0.000000 0.000000 0.000000 0.000000 0.000000 0.000000 0.000000 0.000000 
0.000000 0.000000 0.000000 0.000000 0.000000 0.000000 0.000000 0.000000 0.000000 0.000000 0.000000 0.000000 0.000000 0.000000 0.000000 0.000000 0.000000 0.000000 0.000000 0.000000 0.000000 
