21 12
0.046814 0.046814 0.000000 0.046570 0.046570 0.000000 0.046120 0.046120 0.000000 0.045378 0.045378 0.000000 0.044536 0.044536 0.000000 0.043478 0.043478 0.000000 0.042444 0.042444 0.000000 0.040180 0.040180 0.000000 0.037570 0.037570 0.000000 0.034704 0.034704 0.000000 0.031793 0.031793 0.000000 0.032981 0.032981 0.000000 0.036003 0.036003 0.000000 0.040450 0.040450 0.000000 0.041809 0.041809 0.000000 0.041893 0.041893 0.000000 0.040865 0.040865 0.000000 0.039471 0.039471 0.000000 0.038011 0.038011 0.000000 0.037224 0.037224 0.000000 0.036978 0.036978 0.000000 
0.046946 0.046946 0.000000 0.046880 0.046880 0.000000 0.046682 0.046682 0.000000 0.046211 0.046211 0.000000 0.045308 0.045308 0.000000 0.044780 0.044780 0.000000 0.043139 0.043139 0.000000 0.041500 0.041500 0.000000 0.038246 0.038246 0.000000 0.035440 0.035440 0.000000 0.033066 0.033066 0.000000 0.026099 0.026099 0.000000 0.039596 0.039596 0.000000 0.042794 0.042794 0.000000 0.042980 0.042980 0.000000 0.040835 0.040835 0.000000 0.039783 0.039783 0.000000 0.037638 0.037638 0.000000 0.036837 0.036837 0.000000 0.036729 0.036729 0.000000 0.037013 0.037013 0.000000 
0.047012 0.047012 0.000000 0.047120 0.047120 0.000000 0.047272 0.047272 0.000000 0.047486 0.047486 0.000000 0.047120 0.047120 0.000000 0.045636 0.045636 0.000000 0.045520 0.045520 0.000000 0.042308 0.042308 0.000000 0.039471 0.039471 0.000000 0.035363 0.035363 0.000000 0.033446 0.033446 0.000000 0.036260 0.036260 0.000000 0.046615 0.046615 0.000000 0.045426 0.045426 0.000000 0.038867 0.038867 0.000000 0.043191 0.043191 0.000000 0.037083 0.037083 0.000000 0.034547 0.034547 0.000000 0.034387 0.034387 0.000000 0.037083 0.037083 0.000000 0.037329 0.037329 0.000000 
0.046836 0.046836 0.000000 0.046946 0.046946 0.000000 0.047164 0.047164 0.000000 0.047592 0.047592 0.000000 0.049027 0.049027 0.000000 0.048116 0.048116 0.000000 0.045425 0.045425 0.000000 0.048465 0.048465 0.000000 0.038079 0.038079 0.000000 0.034347 0.034347 0.000000 0.034979 0.034979 0.000000 0.033861 0.033861 0.000000 0.041127 0.041127 0.000000 0.050201 0.050201 0.000000 0.047529 0.047529 0.000000 0.044560 0.044560 0.000000 0.051959 0.051959 0.000000 0.040539 0.040539 0.000000 0.038477 0.038477 0.000000 0.038178 0.038178 0.000000 0.038411 0.038411 0.000000 
0.046570 0.046570 0.000000 0.046548 0.046548 0.000000 0.046504 0.046504 0.000000 0.046548 0.046548 0.000000 0.046593 0.046593 0.000000 0.052569 0.052569 0.000000 0.042198 0.042198 0.000000 0.031838 0.031838 0.000000 0.044189 0.044189 0.000000 0.026628 0.026628 0.000000 0.025920 0.025920 0.000000 0.044828 0.044828 0.000000 0.037398 0.037398 0.000000 0.033109 0.033109 0.000000 0.043086 0.043086 0.000000 0.032418 0.032418 0.000000 0.035095 0.035095 0.000000 0.041185 0.041185 0.000000 0.039156 0.039156 0.000000 0.039689 0.039689 0.000000 0.039471 0.039471 0.000000 
0.046414 0.046414 0.000000 0.046301 0.046301 0.000000 0.046074 0.046074 0.000000 0.045566 0.045566 0.000000 0.044462 0.044462 0.000000 0.037672 0.037672 0.000000 0.016802 0.016802 0.000000 0.042308 0.042308 0.000000 0.029996 0.029996 0.000000 0.047740 0.047740 0.000000 0.036658 0.036658 0.000000 0.036478 0.036478 0.000000 0.045613 0.045613 0.000000 0.043165 0.043165 0.000000 0.038673 0.038673 0.000000 0.046880 0.046880 0.000000 0.030046 0.030046 0.000000 0.041328 0.041328 0.000000 0.040391 0.040391 0.000000 0.040300 0.040300 0.000000 0.039997 0.039997 0.000000 
0.046414 0.046414 0.000000 0.046301 0.046301 0.000000 0.046074 0.046074 0.000000 0.045566 0.045566 0.000000 0.044462 0.044462 0.000000 0.037672 0.037672 0.000000 0.016802 0.016802 0.000000 0.042308 0.042308 0.000000 0.029996 0.029996 0.000000 0.047740 0.047740 0.000000 0.036658 0.036658 0.000000 0.036478 0.036478 0.000000 0.045613 0.045613 0.000000 0.043165 0.043165 0.000000 0.038673 0.038673 0.000000 0.046880 0.046880 0.000000 0.030046 0.030046 0.000000 0.041328 0.041328 0.000000 0.040391 0.040391 0.000000 0.040300 0.040300 0.000000 0.039997 0.039997 0.000000 
0.046570 0.046570 0.000000 0.046548 0.046548 0.000000 0.046504 0.046504 0.000000 0.046548 0.046548 0.000000 0.046593 0.046593 0.000000 0.052569 0.052569 0.000000 0.042198 0.042198 0.000000 0.031838 0.031838 0.000000 0.044189 0.044189 0.000000 0.026628 0.026628 0.000000 0.025920 0.025920 0.000000 0.044828 0.044828 0.000000 0.037398 0.037398 0.000000 0.033109 0.033109 0.000000 0.043086 0.043086 0.000000 0.032418 0.032418 0.000000 0.035095 0.035095 0.000000 0.041185 0.041185 0.000000 0.039156 0.039156 0.000000 0.039689 0.039689 0.000000 0.039471 0.039471 0.000000 
0.046836 0.046836 0.000000 0.046946 0.046946 0.000000 0.047164 0.047164 0.000000 0.047592 0.047592 0.000000 0.049027 0.049027 0.000000 0.048116 0.048116 0.000000 0.045425 0.045425 0.000000 0.048465 0.048465 0.000000 0.038079 0.038079 0.000000 0.034347 0.034347 0.000000 0.034979 0.034979 0.000000 0.033861 0.033861 0.000000 0.041127 0.041127 0.000000 0.050201 0.050201 0.000000 0.047529 0.047529 0.000000 0.044560 0.044560 0.000000 0.051959 0.051959 0.000000 0.040539 0.040539 0.000000 0.038477 0.038477 0.000000 0.038178 0.038178 0.000000 0.038411 0.038411 0.000000 
0.047012 0.047012 0.000000 0.047120 0.047120 0.000000 0.047272 0.047272 0.000000 0.047486 0.047486 0.000000 0.047120 0.047120 0.000000 0.045636 0.045636 0.000000 0.045520 0.045520 0.000000 0.042308 0.042308 0.000000 0.039471 0.039471 0.000000 0.035363 0.035363 0.000000 0.033446 0.033446 0.000000 0.036260 0.036260 0.000000 0.046615 0.046615 0.000000 0.045426 0.045426 0.000000 0.038867 0.038867 0.000000 0.043191 0.043191 0.000000 0.037083 0.037083 0.000000 0.034547 0.034547 0.000000 0.034387 0.034387 0.000000 0.037083 0.037083 0.000000 0.037329 0.037329 0.000000 
0.046946 0.046946 0.000000 0.046880 0.046880 0.000000 0.046682 0.046682 0.000000 0.046211 0.046211 0.000000 0.045308 0.045308 0.000000 0.044780 0.044780 0.000000 0.043139 0.043139 0.000000 0.041500 0.041500 0.000000 0.038246 0.038246 0.000000 0.035440 0.035440 0.000000 0.033066 0.033066 0.000000 0.026099 0.026099 0.000000 0.039596 0.039596 0.000000 0.042794 0.042794 0.000000 0.042980 0.042980 0.000000 0.040835 0.040835 0.000000 0.039783 0.039783 0.000000 0.037638 0.037638 0.000000 0.036837 0.036837 0.000000 0.036729 0.036729 0.000000 0.037013 0.037013 0.000000 
0.046814 0.046814 0.000000 0.046570 0.046570 0.000000 0.046120 0.046120 0.000000 0.045378 0.045378 0.000000 0.044536 0.044536 0.000000 0.043478 0.043478 0.000000 0.042444 0.042444 0.000000 0.040180 0.040180 0.000000 0.037570 0.037570 0.000000 0.034704 0.034704 0.000000 0.031793 0.031793 0.000000 0.032981 0.032981 0.000000 0.036003 0.036003 0.000000 0.040450 0.040450 0.000000 0.041809 0.041809 0.000000 0.041893 0.041893 0.000000 0.040865 0.040865 0.000000 0.039471 0.039471 0.000000 0.038011 0.038011 0.000000 0.037224 0.037224 0.000000 0.036978 0.036978 0.000000 
0.000000 0.000000 0.000000 0.000000 0.000000 0.000000 0.000000 0.000000 0.000000 0.000000 0.000000 0.000000 0.000000 0.000000 0.000000 0.000000 0.000000 0.000000 0.000000 0.000000 0.000000 
0.000000 0.000000 0.000000 0.000000 0.000000 0.000000 0.000000 0.000000 0.000000 0.000000 0.000000 0.000000 0.000000 0.000000 0.000000 0.000000 0.000000 0.000000 0.000000 0.000000 0.000000 
0.000000 0.000000 0.000000 0.000000 0.000000 0.000000 0.000000 0.000000 0.000000 0.000000 0.000000 0.000000 0.000000 0.000000 0.000000 0.000000 0.000000 0.000000 0.000000 0.000000 0.000000 
0.000000 0.000000 0.000000 0.000000 0.000000 0.000000 0.000000 0.000000 0.000000 0.000000 0.000000 0.000000 0.000000 0.000000 0.000000 0.000000 0.000000 0.000000 0.000000 0.000000 0.000000 
0.000000 0.000000 0.000000 0.000000 0.000000 0.000000 0.000000 0.000000 0.000000 0.000000 0.000000 0.000000 0.000000 0.000000 0.000000 0.000000 0.000000 0.000000 0.000000 0.000000 0.000000 
0.000000 0.000000 0.000000 0.000000 0.000000 0.000000 0.000000 0.000000 0.000000 0.000000 0.000000 0.000000 0.000000 0.000000 0.000000 0.000000 0.000000 0.000000 0.000000 0.000000 0.000000 
0.000000 0.000000 0.000000 0.000000 0.000000 0.000000 0.000000 0.000000 0.000000 0.000000 0.000000 0.000000 0.000000 0.000000 0.000000 0.000000 0.000000 0.000000 0.000000 0.000000 0.000000 
0.000000 0.000000 0.000000 0.000000 0.000000 0.000000 0.000000 0.000000 0.000000 0.000000 0.000000 0.000000 0.000000 0.000000 0.000000 0.000000 0.000000 0.000000 0.000000 0.000000 0.000000 
0.000000 0.000000 0.000000 0.000000 0.000000 0.000000 0.000000 0.000000 0.000000 0.000000 0.000000 0.000000 0.000000 0.000000 0.000000 0.000000 0.000000 0.000000 0.000000 0.000000 0.000000 
0.000000 0.000000 0.000000 0.000000 0.000000 0.000000 0.000000 0.000000 0.000000 0.000000 0.000000 0.000000 0.000000 0.000000 0.000000 0.000000 0.000000 0.000000 0.000000 0.000000 0.000000 
0.000000 0.000000 0.000000 0.000000 0.000000 0.000000 0.000000 0.000000 0.000000 0.000000 0.000000 0.000000 0.000000 0.000000 0.000000 0.000000 0.000000 0.000000 0.000000 0.000000 0.000000 
0.000000 0.000000 0.000000 0.000000 0.000000 0.000000 0.000000 0.000000 0.000000 0.000000 0.000000 0.000000 0.000000 0.000000 0.000000 0.000000 0.000000 0.000000 0.000000 0.000000 0.000000 
