21 12
0.028440 0.033219 0.021907 0.026688 0.033269 0.021907 0.025469 0.032775 0.021907 0.031899 0.025675 0.021907 0.031018 0.027009 0.021907 0.030657 0.029235 0.021907 0.031570 0.030722 0.021907 0.032654 0.032766 0.021907 0.034326 0.033157 0.021907 0.034757 0.033230 0.021907 0.030641 0.038205 0.021907 0.029767 0.038681 0.021907 0.028515 0.038793 0.021907 0.027742 0.034494 0.021907 0.028605 0.031054 0.021907 0.031032 0.032748 0.021907 0.034590 0.034073 0.021907 0.035528 0.034226 0.021907 0.033604 0.029602 0.021907 0.032694 0.027592 0.021907 0.032426 0.027397 0.021907 
0.030073 0.032907 0.021907 0.028529 0.033453 0.021907 0.026023 0.033536 0.021907 0.032875 0.024693 0.021907 0.031801 0.025320 0.021907 0.030564 0.026440 0.021907 0.029753 0.030460 0.021907 0.032984 0.032894 0.021907 0.033337 0.034338 0.021907 0.032142 0.036206 0.021907 0.035790 0.031270 0.021907 0.047091 0.023941 0.021907 0.038085 0.028626 0.021907 0.031092 0.031501 0.021907 0.028923 0.021243 0.021907 0.029067 0.033293 0.021907 0.038516 0.039476 0.021907 0.032592 0.028241 0.021907 0.032238 0.025887 0.021907 0.032155 0.027200 0.021907 0.033180 0.026069 0.021907 
0.032926 0.031742 0.021907 0.032045 0.033061 0.021907 0.030362 0.034223 0.021907 0.034929 0.023144 0.021907 0.033744 0.023293 0.021907 0.032148 0.022222 0.021907 0.029685 0.026530 0.021907 0.026263 0.031629 0.021907 0.037210 0.040782 0.021907 0.035055 0.028782 0.021907 0.043072 0.019598 0.021907 0.037673 0.026512 0.021907 0.021578 0.030620 0.021907 0.035142 0.040657 0.021907 0.042692 0.019978 0.021907 0.036845 0.027340 0.021907 0.026308 0.023858 0.021907 0.029866 0.008313 0.021907 0.027978 0.029784 0.021907 0.034676 0.023401 0.021907 0.034975 0.023723 0.021907 
0.035737 0.029850 0.021907 0.035337 0.030545 0.021907 0.036141 0.033622 0.021907 0.036518 0.034513 0.021907 0.035175 0.006975 0.021907 0.031756 0.023755 0.021907 0.033302 0.022323 0.021907 0.025611 0.029462 0.021907 0.034374 -0.005493 0.021907 0.037327 0.022136 0.021907 0.038443 0.033338 0.021907 0.046728 0.030181 0.021907 0.049867 0.019226 0.021907 0.029968 0.027794 0.021907 0.026323 0.029666 0.021907 0.028809 0.035376 0.021907 0.040232 0.040848 0.021907 0.040457 0.021546 0.021907 0.040396 0.017366 0.021907 0.038088 0.020564 0.021907 0.038950 0.019905 0.021907 
0.035557 0.036768 0.021907 0.039372 0.018390 0.021907 0.034880 0.035354 0.021907 0.041726 0.043594 0.021907 0.036901 0.035374 0.021907 0.042234 0.011903 0.021907 0.035982 0.009794 0.021907 0.017033 0.025117 0.021907 0.031973 0.021399 0.021907 0.040905 0.016857 0.021907 0.042038 0.034872 0.021907 0.039641 0.038706 0.021907 0.033121 0.026343 0.021907 0.018611 0.029853 0.021907 0.030159 0.028885 0.021907 0.032707 0.019492 0.021907 0.036477 0.015721 0.021907 0.020673 0.033464 0.021907 0.039881 0.019344 0.021907 0.044078 0.015741 0.021907 0.045147 0.015268 0.021907 
0.041952 0.034958 0.021907 0.060784 0.023170 0.021907 0.030213 0.027550 0.021907 0.033118 0.020543 0.021907 0.025063 0.027136 0.021907 0.022635 0.020266 0.021907 0.020946 0.024830 0.021907 0.036371 0.009405 0.021907 0.028176 0.017599 0.021907 0.021211 0.007670 0.021907 0.031185 0.017280 0.021907 0.035404 0.025233 0.021907 0.040387 0.025466 0.021907 0.028255 0.034415 0.021907 0.027609 0.032679 0.021907 0.016283 0.027460 0.021907 0.039376 0.027684 0.021907 0.029575 0.028187 0.021907 0.042732 0.016731 0.021907 0.053224 0.009446 0.021907 0.050186 0.011555 0.021907 
0.041952 0.034958 0.021907 0.060784 0.023170 0.021907 0.030213 0.027550 0.021907 0.033118 0.020543 0.021907 0.025063 0.027136 0.021907 0.022635 0.020266 0.021907 0.020946 0.024830 0.021907 0.036371 0.009405 0.021907 0.028176 0.017599 0.021907 0.021211 0.007670 0.021907 0.031185 0.017280 0.021907 0.035404 0.025233 0.021907 0.040387 0.025466 0.021907 0.028255 0.034415 0.021907 0.027609 0.032679 0.021907 0.016283 0.027460 0.021907 0.039376 0.027684 0.021907 0.029575 0.028187 0.021907 0.042732 0.016731 0.021907 0.053224 0.009446 0.021907 0.050186 0.011555 0.021907 
0.035557 0.036768 0.021907 0.039372 0.018390 0.021907 0.034880 0.035354 0.021907 0.041726 0.043594 0.021907 0.036901 0.035374 0.021907 0.042234 0.011903 0.021907 0.035982 0.009794 0.021907 0.017033 0.025117 0.021907 0.031973 0.021399 0.021907 0.040905 0.016857 0.021907 0.042038 0.034872 0.021907 0.039641 0.038706 0.021907 0.033121 0.026343 0.021907 0.018611 0.029853 0.021907 0.030159 0.028885 0.021907 0.032707 0.019492 0.021907 0.036477 0.015721 0.021907 0.020673 0.033464 0.021907 0.039881 0.019344 0.021907 0.044078 0.015741 0.021907 0.045147 0.015268 0.021907 
0.035737 0.029850 0.021907 0.035337 0.030545 0.021907 0.036141 0.033622 0.021907 0.036518 0.034513 0.021907 0.035175 0.006975 0.021907 0.031756 0.023755 0.021907 0.033302 0.022323 0.021907 0.025611 0.029462 0.021907 0.034374 -0.005493 0.021907 0.037327 0.022136 0.021907 0.038443 0.033338 0.021907 0.046728 0.030181 0.021907 0.049867 0.019226 0.021907 0.029968 0.027794 0.021907 0.026323 0.029666 0.021907 0.028809 0.035376 0.021907 0.040232 0.040848 0.021907 0.040457 0.021546 0.021907 0.040396 0.017366 0.021907 0.038088 0.020564 0.021907 0.038950 0.019905 0.021907 
0.032926 0.031742 0.021907 0.032045 0.033061 0.021907 0.030362 0.034223 0.021907 0.034929 0.023144 0.021907 0.033744 0.023293 0.021907 0.032148 0.022222 0.021907 0.029685 0.026530 0.021907 0.026263 0.031629 0.021907 0.037210 0.040782 0.021907 0.035055 0.028782 0.021907 0.043072 0.019598 0.021907 0.037673 0.026512 0.021907 0.021578 0.030620 0.021907 0.035142 0.040657 0.021907 0.042692 0.019978 0.021907 0.036845 0.027340 0.021907 0.026308 0.023858 0.021907 0.029866 0.008313 0.021907 0.027978 0.029784 0.021907 0.034676 0.023401 0.021907 0.034975 0.023723 0.021907 
0.030073 0.032907 0.021907 0.028529 0.033453 0.021907 0.026023 0.033536 0.021907 0.032875 0.024693 0.021907 0.031801 0.025320 0.021907 0.030564 0.026440 0.021907 0.029753 0.030460 0.021907 0.032984 0.032894 0.021907 0.033337 0.034338 0.021907 0.032142 0.036206 0.021907 0.035790 0.031270 0.021907 0.047091 0.023941 0.021907 0.038085 0.028626 0.021907 0.031092 0.031501 0.021907 0.028923 0.021243 0.021907 0.029067 0.033293 0.021907 0.038516 0.039476 0.021907 0.032592 0.028241 0.021907 0.032238 0.025887 0.021907 0.032155 0.027200 0.021907 0.033180 0.026069 0.021907 
0.028440 0.033219 0.021907 0.026688 0.033269 0.021907 0.025469 0.032775 0.021907 0.031899 0.025675 0.021907 0.031018 0.027009 0.021907 0.030657 0.029235 0.021907 0.031570 0.030722 0.021907 0.032654 0.032766 0.021907 0.034326 0.033157 0.021907 0.034757 0.033230 0.021907 0.030641 0.038205 0.021907 0.029767 0.038681 0.021907 0.028515 0.038793 0.021907 0.027742 0.034494 0.021907 0.028605 0.031054 0.021907 0.031032 0.032748 0.021907 0.034590 0.034073 0.021907 0.035528 0.034226 0.021907 0.033604 0.029602 0.021907 0.032694 0.027592 0.021907 0.032426 0.027397 0.021907 
93.358224 93.358224 93.555315 4.379414 5.506006 6.505174 6.505174 0.000000 -13.227929 161.622004 81.560940 88.363834 101.241743 92.253685 81.077713 75.489727 79.443787 91.662000 91.662000 92.105936 92.549872 
93.358224 93.358224 93.161133 3.125399 4.506838 6.505174 12.293100 12.293100 -5.274705 76.772071 56.533000 21.377750 13.983646 3.169413 161.535667 169.443787 52.259500 91.662000 91.662000 92.993808 93.585722 
121.776963 114.573733 92.551992 181.978585 180.510167 6.505174 21.389150 12.293100 97.612500 75.110713 8.672500 184.145333 127.616000 172.795500 79.916250 86.879444 118.324667 91.662000 79.542000 95.657423 94.934722 
135.986333 135.986333 113.982459 144.347500 0.918750 -11.888429 30.485200 139.727500 84.101000 75.790667 60.456400 175.813000 86.082250 106.134000 134.232333 64.420333 113.262500 117.780714 99.157333 96.152936 96.509040 
145.500361 135.986333 147.125111 77.914000 8.897333 136.801000 54.241333 169.437500 18.076200 20.427667 170.021667 -8.724556 97.689167 12.737800 52.987625 178.503333 31.344500 67.929667 91.584714 97.716762 94.848233 
135.328778 84.700000 191.677667 130.689000 101.898875 56.375500 36.209250 86.686000 105.140250 155.766000 28.022000 14.528571 21.971286 13.038667 109.393500 29.619000 125.996500 49.005333 109.450000 90.675000 92.572254 
-135.328778 -84.700000 -191.677667 -130.689000 -101.898875 -56.375500 -36.209250 -86.686000 -105.140250 -155.766000 -28.022000 -14.528571 -21.971286 -13.038667 -109.393500 -29.619000 -125.996500 -49.005333 -109.450000 -90.675000 -92.572254 
-145.500361 -135.986333 -147.125111 -77.914000 -8.897333 -136.801000 -54.241333 -169.437500 -18.076200 -20.427667 -170.021667 8.724556 -97.689167 -12.737800 -52.987625 -178.503333 -31.344500 -67.929667 -91.584714 -97.716762 -94.848233 
-135.986333 -135.986333 -113.982459 -144.347500 -0.918750 11.888429 -30.485200 -139.727500 -84.101000 -75.790667 -60.456400 -175.813000 -86.082250 -106.134000 -134.232333 -64.420333 -113.262500 -117.780714 -99.157333 -96.152936 -96.509040 
-121.776963 -114.573733 -92.551992 -181.978585 -180.510167 -6.505174 -21.389150 -12.293100 -97.612500 -75.110713 -8.672500 -184.145333 -127.616000 -172.795500 -79.916250 -86.879444 -118.324667 -91.662000 -79.542000 -95.657423 -94.934722 
-93.358224 -93.358224 -93.161133 -3.125399 -4.506838 -6.505174 -12.293100 -12.293100 5.274705 -76.772071 -56.533000 -21.377750 -13.983646 -3.169413 -161.535667 -169.443787 -52.259500 -91.662000 -91.662000 -92.993808 -93.585722 
-93.358224 -93.358224 -93.555315 -4.379414 -5.506006 -6.505174 -6.505174 -0.000000 13.227929 -161.622004 -81.560940 -88.363834 -101.241743 -92.253685 -81.077713 -75.489727 -79.443787 -91.662000 -91.662000 -92.105936 -92.549872 
