21 12
0.049763 0.049763 0.008720 0.049583 0.049583 0.008720 0.049268 0.049268 0.008720 0.048733 0.048733 0.008720 0.047927 0.047927 0.008720 0.046552 0.046552 0.008720 0.045197 0.045197 0.008720 0.042278 0.042278 0.008720 0.039120 0.039120 0.008720 0.036351 0.036351 0.008720 0.034788 0.034788 0.008720 0.035089 0.035089 0.008720 0.037559 0.037559 0.008720 0.040749 0.040749 0.008720 0.043094 0.043094 0.008720 0.043809 0.043809 0.008720 0.043229 0.043229 0.008720 0.041718 0.041718 0.008720 0.040636 0.040636 0.008720 0.039597 0.039597 0.008720 0.038850 0.038850 0.008720 
0.049898 0.049898 0.008720 0.049806 0.049806 0.008720 0.049670 0.049670 0.008720 0.049391 0.049391 0.008720 0.048855 0.048855 0.008720 0.048307 0.048307 0.008720 0.046028 0.046028 0.008720 0.043665 0.043665 0.008720 0.039484 0.039484 0.008720 0.036052 0.036052 0.008720 0.034708 0.034708 0.008720 0.033530 0.033530 0.008720 0.037162 0.037162 0.008720 0.043127 0.043127 0.008720 0.043468 0.043468 0.010154 0.042139 0.042139 0.012705 0.040944 0.040944 0.010154 0.040150 0.040150 0.008720 0.039995 0.039995 0.008720 0.038076 0.038076 0.008720 0.038383 0.038383 0.008720 
0.050089 0.050089 0.008720 0.050110 0.050110 0.008720 0.050163 0.050163 0.008720 0.050354 0.050354 0.008720 0.050326 0.050326 0.008720 0.050020 0.050020 0.008720 0.048676 0.048676 0.008720 0.045432 0.045432 0.008720 0.039563 0.039563 0.008720 0.035292 0.035292 0.008720 0.034197 0.034197 0.008720 0.035736 0.035736 0.008720 0.039782 0.039782 0.008720 0.038357 0.038357 0.009998 0.048121 0.048121 0.017716 0.032929 0.032929 0.020394 0.032830 0.032830 0.017716 0.042683 0.042683 0.009998 0.033530 0.033530 0.008720 0.037416 0.037416 0.008720 0.037746 0.037746 0.008720 
0.050195 0.050195 0.008720 0.050241 0.050241 0.008720 0.050360 0.050360 0.008720 0.050530 0.050530 0.008720 0.051611 0.051611 0.008720 0.051209 0.051209 0.008720 0.053436 0.053436 0.008720 0.046187 0.046187 0.008720 0.039163 0.039163 0.008720 0.035679 0.035679 0.008720 0.031368 0.031368 0.008720 0.035891 0.035891 0.008720 0.038451 0.038451 0.008720 0.042316 0.042316 0.015639 0.032245 0.032245 0.023794 0.017018 0.017018 0.026882 0.038239 0.038239 0.023794 0.034640 0.034640 0.015639 0.037883 0.037883 0.008720 0.037741 0.037741 0.008720 0.038597 0.038597 0.008720 
0.050207 0.050207 0.008720 0.050219 0.050219 0.008720 0.050223 0.050223 0.008720 0.050333 0.050333 0.008720 0.049805 0.049805 0.008720 0.054981 0.054981 0.008720 0.046644 0.046644 0.008720 0.038996 0.038996 0.008720 0.049315 0.049315 0.008720 0.026099 0.026099 0.008720 0.026099 0.026099 0.008720 0.035243 0.035243 0.008720 0.038826 0.038826 0.008720 0.026400 0.026400 0.019507 0.032100 0.032100 0.028475 0.018654 0.018654 0.031700 0.019004 0.019004 0.028475 0.029153 0.029153 0.019507 0.038455 0.038455 0.008720 0.040495 0.040495 0.008720 0.040088 0.040088 0.008720 
0.050196 0.050196 0.008720 0.050172 0.050172 0.008720 0.050120 0.050120 0.008720 0.049905 0.049905 0.008720 0.049956 0.049956 0.008720 0.040540 0.040540 0.008720 0.037329 0.037329 0.008720 0.047970 0.047970 0.008720 0.044585 0.044585 0.008720 0.030548 0.030548 0.008720 0.031905 0.031905 0.008720 0.043321 0.043321 0.008720 0.041977 0.041977 0.008720 0.027131 0.027131 0.021518 0.027705 0.027705 0.031302 0.020603 0.020603 0.031700 0.011596 0.011596 0.031302 0.025694 0.025694 0.021518 0.043322 0.043322 0.008720 0.041823 0.041823 0.008720 0.041169 0.041169 0.008720 
0.050196 0.050196 0.008720 0.050172 0.050172 0.008720 0.050120 0.050120 0.008720 0.049905 0.049905 0.008720 0.049956 0.049956 0.008720 0.040540 0.040540 0.008720 0.037329 0.037329 0.008720 0.047970 0.047970 0.008720 0.044585 0.044585 0.008720 0.030548 0.030548 0.008720 0.031905 0.031905 0.008720 0.043321 0.043321 0.008720 0.041977 0.041977 0.008720 0.027131 0.027131 0.021518 0.027705 0.027705 0.031302 0.020603 0.020603 0.031700 0.011596 0.011596 0.031302 0.025694 0.025694 0.021518 0.043322 0.043322 0.008720 0.041823 0.041823 0.008720 0.041169 0.041169 0.008720 
0.050207 0.050207 0.008720 0.050219 0.050219 0.008720 0.050223 0.050223 0.008720 0.050333 0.050333 0.008720 0.049805 0.049805 0.008720 0.054981 0.054981 0.008720 0.046644 0.046644 0.008720 0.038996 0.038996 0.008720 0.049315 0.049315 0.008720 0.026099 0.026099 0.008720 0.026099 0.026099 0.008720 0.035243 0.035243 0.008720 0.038826 0.038826 0.008720 0.026400 0.026400 0.019507 0.032100 0.032100 0.028475 0.018654 0.018654 0.031700 0.019004 0.019004 0.028475 0.029153 0.029153 0.019507 0.038455 0.038455 0.008720 0.040495 0.040495 0.008720 0.040088 0.040088 0.008720 
0.050195 0.050195 0.008720 0.050241 0.050241 0.008720 0.050360 0.050360 0.008720 0.050530 0.050530 0.008720 0.051611 0.051611 0.008720 0.051209 0.051209 0.008720 0.053436 0.053436 0.008720 0.046187 0.046187 0.008720 0.039163 0.039163 0.008720 0.035679 0.035679 0.008720 0.031368 0.031368 0.008720 0.035891 0.035891 0.008720 0.038451 0.038451 0.008720 0.042316 0.042316 0.015639 0.032245 0.032245 0.023794 0.017018 0.017018 0.026882 0.038239 0.038239 0.023794 0.034640 0.034640 0.015639 0.037883 0.037883 0.008720 0.037741 0.037741 0.008720 0.038597 0.038597 0.008720 
0.050089 0.050089 0.008720 0.050110 0.050110 0.008720 0.050163 0.050163 0.008720 0.050354 0.050354 0.008720 0.050326 0.050326 0.008720 0.050020 0.050020 0.008720 0.048676 0.048676 0.008720 0.045432 0.045432 0.008720 0.039563 0.039563 0.008720 0.035292 0.035292 0.008720 0.034197 0.034197 0.008720 0.035736 0.035736 0.008720 0.039782 0.039782 0.008720 0.038357 0.038357 0.009998 0.048121 0.048121 0.017716 0.032929 0.032929 0.020394 0.032830 0.032830 0.017716 0.042683 0.042683 0.009998 0.033530 0.033530 0.008720 0.037416 0.037416 0.008720 0.037746 0.037746 0.008720 
0.049898 0.049898 0.008720 0.049806 0.049806 0.008720 0.049670 0.049670 0.008720 0.049391 0.049391 0.008720 0.048855 0.048855 0.008720 0.048307 0.048307 0.008720 0.046028 0.046028 0.008720 0.043665 0.043665 0.008720 0.039484 0.039484 0.008720 0.036052 0.036052 0.008720 0.034708 0.034708 0.008720 0.033530 0.033530 0.008720 0.037162 0.037162 0.008720 0.043127 0.043127 0.008720 0.043468 0.043468 0.010154 0.042139 0.042139 0.012705 0.040944 0.040944 0.010154 0.040150 0.040150 0.008720 0.039995 0.039995 0.008720 0.038076 0.038076 0.008720 0.038383 0.038383 0.008720 
0.049763 0.049763 0.008720 0.049583 0.049583 0.008720 0.049268 0.049268 0.008720 0.048733 0.048733 0.008720 0.047927 0.047927 0.008720 0.046552 0.046552 0.008720 0.045197 0.045197 0.008720 0.042278 0.042278 0.008720 0.039120 0.039120 0.008720 0.036351 0.036351 0.008720 0.034788 0.034788 0.008720 0.035089 0.035089 0.008720 0.037559 0.037559 0.008720 0.040749 0.040749 0.008720 0.043094 0.043094 0.008720 0.043809 0.043809 0.008720 0.043229 0.043229 0.008720 0.041718 0.041718 0.008720 0.040636 0.040636 0.008720 0.039597 0.039597 0.008720 0.038850 0.038850 0.008720 
0.000000 0.000000 0.000000 0.000000 0.000000 0.000000 0.000000 0.000000 0.000000 0.000000 0.000000 0.000000 0.000000 0.000000 0.000000 0.000000 0.000000 0.000000 0.000000 0.000000 0.000000 
0.000000 0.000000 0.000000 0.000000 0.000000 0.000000 0.000000 0.000000 0.000000 0.000000 0.000000 0.000000 0.000000 0.000000 0.000000 0.000000 0.000000 0.000000 0.000000 0.000000 0.000000 
0.000000 0.000000 0.000000 0.000000 0.000000 0.000000 0.000000 0.000000 0.000000 0.000000 0.000000 0.000000 0.000000 0.000000 0.000000 0.000000 0.000000 0.000000 0.000000 0.000000 0.000000 
0.000000 0.000000 0.000000 0.000000 0.000000 0.000000 0.000000 0.000000 0.000000 0.000000 0.000000 0.000000 0.000000 0.000000 0.000000 0.000000 0.000000 0.000000 0.000000 0.000000 0.000000 
0.000000 0.000000 0.000000 0.000000 0.000000 0.000000 0.000000 0.000000 0.000000 0.000000 0.000000 0.000000 0.000000 0.000000 0.000000 0.000000 0.000000 0.000000 0.000000 0.000000 0.000000 
0.000000 0.000000 0.000000 0.000000 0.000000 0.000000 0.000000 0.000000 0.000000 0.000000 0.000000 0.000000 0.000000 0.000000 0.000000 0.000000 0.000000 0.000000 0.000000 0.000000 0.000000 
0.000000 0.000000 0.000000 0.000000 0.000000 0.000000 0.000000 0.000000 0.000000 0.000000 0.000000 0.000000 0.000000 0.000000 0.000000 0.000000 0.000000 0.000000 0.000000 0.000000 0.000000 
0.000000 0.000000 0.000000 0.000000 0.000000 0.000000 0.000000 0.000000 0.000000 0.000000 0.000000 0.000000 0.000000 0.000000 0.000000 0.000000 0.000000 0.000000 0.000000 0.000000 0.000000 
0.000000 0.000000 0.000000 0.000000 0.000000 0.000000 0.000000 0.000000 0.000000 0.000000 0.000000 0.000000 0.000000 0.000000 0.000000 0.000000 0.000000 0.000000 0.000000 0.000000 0.000000 
0.000000 0.000000 0.000000 0.000000 0.000000 0.000000 0.000000 0.000000 0.000000 0.000000 0.000000 0.000000 0.000000 0.000000 0.000000 0.000000 0.000000 0.000000 0.000000 0.000000 0.000000 
0.000000 0.000000 0.000000 0.000000 0.000000 0.000000 0.000000 0.000000 0.000000 0.000000 0.000000 0.000000 0.000000 0.000000 0.000000 0.000000 0.000000 0.000000 0.000000 0.000000 0.000000 
0.000000 0.000000 0.000000 0.000000 0.000000 0.000000 0.000000 0.000000 0.000000 0.000000 0.000000 0.000000 0.000000 0.000000 0.000000 0.000000 0.000000 0.000000 0.000000 0.000000 0.000000 
