21 12
0.031228 0.031228 0.021907 0.030639 0.030639 0.021907 0.030094 0.030094 0.021907 0.030081 0.030081 0.021907 0.030698 0.030698 0.021907 0.032187 0.032187 0.021907 0.033593 0.033593 0.021907 0.035090 0.035090 0.021907 0.035313 0.035313 0.021907 0.034024 0.034024 0.021907 0.033082 0.033082 0.021907 0.033212 0.033212 0.021907 0.032111 0.032111 0.021907 0.030950 0.030950 0.021907 0.028774 0.028774 0.021907 0.032070 0.032070 0.021907 0.033981 0.033981 0.021907 0.035174 0.035174 0.021907 0.031778 0.031778 0.021907 0.029578 0.029578 0.021907 0.028940 0.028940 0.021907 
0.031670 0.031670 0.021907 0.031360 0.031360 0.021907 0.030443 0.030443 0.021907 0.029750 0.029750 0.021907 0.029781 0.029781 0.021907 0.030040 0.030040 0.021907 0.032763 0.032763 0.021907 0.035981 0.035981 0.021907 0.036129 0.036129 0.021907 0.035047 0.035047 0.021907 0.031539 0.031539 0.021907 0.032500 0.032500 0.021907 0.035516 0.035516 0.021907 0.026099 0.026099 0.021907 0.028881 0.028881 0.021907 0.028882 0.028882 0.021907 0.039523 0.039523 0.021907 0.031126 0.031126 0.021907 0.028486 0.028486 0.021907 0.028283 0.028283 0.021907 0.028380 0.028380 0.021907 
0.032190 0.032190 0.021907 0.032442 0.032442 0.021907 0.032352 0.032352 0.021907 0.029464 0.029464 0.021907 0.029021 0.029021 0.021907 0.027609 0.027609 0.021907 0.029416 0.029416 0.021907 0.032370 0.032370 0.021907 0.043321 0.043321 0.021907 0.031565 0.031565 0.021907 0.030946 0.030946 0.021907 0.032093 0.032093 0.021907 0.032093 0.032093 0.021907 0.028881 0.028881 0.021907 0.033109 0.033109 0.021907 0.032680 0.032680 0.021907 0.032093 0.032093 0.021907 0.019089 0.019089 0.021907 0.025083 0.025083 0.021907 0.027213 0.027213 0.021907 0.027470 0.027470 0.021907 
0.032130 0.032130 0.021907 0.032802 0.032802 0.021907 0.034011 0.034011 0.021907 0.035516 0.035516 0.021907 0.021075 0.021075 0.021907 0.028313 0.028313 0.021907 0.024555 0.024555 0.021907 0.030549 0.030549 0.021907 0.025082 0.025082 0.021907 0.008448 0.008448 0.021907 0.035516 0.035516 0.021907 0.037328 0.037328 0.021907 0.033154 0.033154 0.021907 0.030144 0.030144 0.021907 0.031002 0.031002 0.021907 0.030145 0.030145 0.021907 0.033529 0.033529 0.021907 0.037672 0.037672 0.021907 0.028219 0.028219 0.021907 0.026890 0.026890 0.021907 0.025754 0.025754 0.021907 
0.031912 0.031912 0.021907 0.031335 0.031335 0.021907 0.033410 0.033410 0.021907 0.038996 0.038996 0.021907 0.037329 0.037329 0.021907 0.031334 0.031334 0.021907 0.021075 0.021075 0.021907 0.022888 0.022888 0.021907 0.020434 0.020434 0.021907 0.028881 0.028881 0.021907 0.036137 0.036137 0.021907 0.038012 0.038012 0.021907 0.035515 0.035515 0.021907 0.028881 0.028881 0.021907 0.028881 0.028881 0.021907 0.028294 0.028294 0.021907 0.026100 0.026100 0.021907 0.025342 0.025342 0.021907 0.030549 0.030549 0.021907 0.022887 0.022887 0.021907 0.027324 0.027324 0.021907 
0.031606 0.031606 0.021907 0.031874 0.031874 0.021907 0.031335 0.031335 0.021907 0.028124 0.028124 0.021907 0.023738 0.023738 0.021907 0.022001 0.022001 0.021907 0.023857 0.023857 0.021907 0.023380 0.023380 0.021907 0.025495 0.025495 0.021907 0.005993 0.005993 0.021907 0.017652 0.017652 0.021907 0.026520 0.026520 0.021907 0.032093 0.032093 0.021907 0.031335 0.031335 0.021907 0.033062 0.033062 0.021907 0.014441 0.014441 0.021907 0.024783 0.024783 0.021907 0.032093 0.032093 0.021907 0.030145 0.030145 0.021907 0.031335 0.031335 0.021907 0.028881 0.028881 0.021907 
0.031606 0.031606 0.021907 0.031874 0.031874 0.021907 0.031335 0.031335 0.021907 0.028124 0.028124 0.021907 0.023738 0.023738 0.021907 0.022001 0.022001 0.021907 0.023857 0.023857 0.021907 0.023380 0.023380 0.021907 0.025495 0.025495 0.021907 0.005993 0.005993 0.021907 0.017652 0.017652 0.021907 0.026520 0.026520 0.021907 0.032093 0.032093 0.021907 0.031335 0.031335 0.021907 0.033062 0.033062 0.021907 0.014441 0.014441 0.021907 0.024783 0.024783 0.021907 0.032093 0.032093 0.021907 0.030145 0.030145 0.021907 0.031335 0.031335 0.021907 0.028881 0.028881 0.021907 
0.031912 0.031912 0.021907 0.031335 0.031335 0.021907 0.033410 0.033410 0.021907 0.038996 0.038996 0.021907 0.037329 0.037329 0.021907 0.031334 0.031334 0.021907 0.021075 0.021075 0.021907 0.022888 0.022888 0.021907 0.020434 0.020434 0.021907 0.028881 0.028881 0.021907 0.036137 0.036137 0.021907 0.038012 0.038012 0.021907 0.035515 0.035515 0.021907 0.028881 0.028881 0.021907 0.028881 0.028881 0.021907 0.028294 0.028294 0.021907 0.026100 0.026100 0.021907 0.025342 0.025342 0.021907 0.030549 0.030549 0.021907 0.022887 0.022887 0.021907 0.027324 0.027324 0.021907 
0.032130 0.032130 0.021907 0.032802 0.032802 0.021907 0.034011 0.034011 0.021907 0.035516 0.035516 0.021907 0.021075 0.021075 0.021907 0.028313 0.028313 0.021907 0.024555 0.024555 0.021907 0.030549 0.030549 0.021907 0.025082 0.025082 0.021907 0.008448 0.008448 0.021907 0.035516 0.035516 0.021907 0.037328 0.037328 0.021907 0.033154 0.033154 0.021907 0.030144 0.030144 0.021907 0.031002 0.031002 0.021907 0.030145 0.030145 0.021907 0.033529 0.033529 0.021907 0.037672 0.037672 0.021907 0.028219 0.028219 0.021907 0.026890 0.026890 0.021907 0.025754 0.025754 0.021907 
0.032190 0.032190 0.021907 0.032442 0.032442 0.021907 0.032352 0.032352 0.021907 0.029464 0.029464 0.021907 0.029021 0.029021 0.021907 0.027609 0.027609 0.021907 0.029416 0.029416 0.021907 0.032370 0.032370 0.021907 0.043321 0.043321 0.021907 0.031565 0.031565 0.021907 0.030946 0.030946 0.021907 0.032093 0.032093 0.021907 0.032093 0.032093 0.021907 0.028881 0.028881 0.021907 0.033109 0.033109 0.021907 0.032680 0.032680 0.021907 0.032093 0.032093 0.021907 0.019089 0.019089 0.021907 0.025083 0.025083 0.021907 0.027213 0.027213 0.021907 0.027470 0.027470 0.021907 
0.031670 0.031670 0.021907 0.031360 0.031360 0.021907 0.030443 0.030443 0.021907 0.029750 0.029750 0.021907 0.029781 0.029781 0.021907 0.030040 0.030040 0.021907 0.032763 0.032763 0.021907 0.035981 0.035981 0.021907 0.036129 0.036129 0.021907 0.035047 0.035047 0.021907 0.031539 0.031539 0.021907 0.032500 0.032500 0.021907 0.035516 0.035516 0.021907 0.026099 0.026099 0.021907 0.028881 0.028881 0.021907 0.028882 0.028882 0.021907 0.039523 0.039523 0.021907 0.031126 0.031126 0.021907 0.028486 0.028486 0.021907 0.028283 0.028283 0.021907 0.028380 0.028380 0.021907 
0.031228 0.031228 0.021907 0.030639 0.030639 0.021907 0.030094 0.030094 0.021907 0.030081 0.030081 0.021907 0.030698 0.030698 0.021907 0.032187 0.032187 0.021907 0.033593 0.033593 0.021907 0.035090 0.035090 0.021907 0.035313 0.035313 0.021907 0.034024 0.034024 0.021907 0.033082 0.033082 0.021907 0.033212 0.033212 0.021907 0.032111 0.032111 0.021907 0.030950 0.030950 0.021907 0.028774 0.028774 0.021907 0.032070 0.032070 0.021907 0.033981 0.033981 0.021907 0.035174 0.035174 0.021907 0.031778 0.031778 0.021907 0.029578 0.029578 0.021907 0.028940 0.028940 0.021907 
0.000000 0.000000 0.000000 0.000000 0.000000 0.000000 0.000000 0.000000 0.000000 0.000000 0.000000 0.000000 0.000000 0.000000 0.000000 0.000000 0.000000 0.000000 0.000000 0.000000 0.000000 
0.000000 0.000000 0.000000 0.000000 0.000000 0.000000 0.000000 0.000000 0.000000 0.000000 0.000000 0.000000 0.000000 0.000000 0.000000 0.000000 0.000000 0.000000 0.000000 0.000000 0.000000 
0.000000 0.000000 0.000000 0.000000 0.000000 0.000000 0.000000 0.000000 0.000000 0.000000 0.000000 0.000000 0.000000 0.000000 0.000000 0.000000 0.000000 0.000000 0.000000 0.000000 0.000000 
0.000000 0.000000 0.000000 0.000000 0.000000 0.000000 0.000000 0.000000 0.000000 0.000000 0.000000 0.000000 0.000000 0.000000 0.000000 0.000000 0.000000 0.000000 0.000000 0.000000 0.000000 
0.000000 0.000000 0.000000 0.000000 0.000000 0.000000 0.000000 0.000000 0.000000 0.000000 0.000000 0.000000 0.000000 0.000000 0.000000 0.000000 0.000000 0.000000 0.000000 0.000000 0.000000 
0.000000 0.000000 0.000000 0.000000 0.000000 0.000000 0.000000 0.000000 0.000000 0.000000 0.000000 0.000000 0.000000 0.000000 0.000000 0.000000 0.000000 0.000000 0.000000 0.000000 0.000000 
0.000000 0.000000 0.000000 0.000000 0.000000 0.000000 0.000000 0.000000 0.000000 0.000000 0.000000 0.000000 0.000000 0.000000 0.000000 0.000000 0.000000 0.000000 0.000000 0.000000 0.000000 
0.000000 0.000000 0.000000 0.000000 0.000000 0.000000 0.000000 0.000000 0.000000 0.000000 0.000000 0.000000 0.000000 0.000000 0.000000 0.000000 0.000000 0.000000 0.000000 0.000000 0.000000 
0.000000 0.000000 0.000000 0.000000 0.000000 0.000000 0.000000 0.000000 0.000000 0.000000 0.000000 0.000000 0.000000 0.000000 0.000000 0.000000 0.000000 0.000000 0.000000 0.000000 0.000000 
0.000000 0.000000 0.000000 0.000000 0.000000 0.000000 0.000000 0.000000 0.000000 0.000000 0.000000 0.000000 0.000000 0.000000 0.000000 0.000000 0.000000 0.000000 0.000000 0.000000 0.000000 
0.000000 0.000000 0.000000 0.000000 0.000000 0.000000 0.000000 0.000000 0.000000 0.000000 0.000000 0.000000 0.000000 0.000000 0.000000 0.000000 0.000000 0.000000 0.000000 0.000000 0.000000 
0.000000 0.000000 0.000000 0.000000 0.000000 0.000000 0.000000 0.000000 0.000000 0.000000 0.000000 0.000000 0.000000 0.000000 0.000000 0.000000 0.000000 0.000000 0.000000 0.000000 0.000000 
