21 12
0.038640 0.038640 0.021907 0.038814 0.038814 0.021907 0.038999 0.038999 0.021907 0.038558 0.038558 0.021907 0.037364 0.037364 0.021907 0.035632 0.035632 0.021907 0.034674 0.034674 0.021907 0.033259 0.033259 0.021907 0.033545 0.033545 0.021907 0.034551 0.034551 0.021907 0.035774 0.035774 0.021907 0.037301 0.037301 0.021907 0.037186 0.037186 0.021907 0.039750 0.039750 0.021907 0.037102 0.037102 0.021907 0.037253 0.037253 0.021907 0.032401 0.032401 0.021907 0.033741 0.033741 0.021907 0.034206 0.034206 0.021907 0.034589 0.034589 0.021907 0.034784 0.034784 0.021907 
0.038741 0.038741 0.021907 0.038360 0.038360 0.021907 0.039075 0.039075 0.021907 0.039358 0.039358 0.021907 0.038899 0.038899 0.021907 0.037433 0.037433 0.021907 0.034665 0.034665 0.021907 0.033037 0.033037 0.021907 0.031680 0.031680 0.021907 0.034766 0.034766 0.021907 0.035725 0.035725 0.021907 0.036781 0.036781 0.021907 0.040540 0.040540 0.021907 0.033530 0.033530 0.021907 0.045776 0.045776 0.021907 0.022888 0.022888 0.021907 0.034470 0.034470 0.021907 0.034289 0.034289 0.021907 0.034579 0.034579 0.021907 0.034978 0.034978 0.021907 0.035313 0.035313 0.021907 
0.039758 0.039758 0.021907 0.037990 0.037990 0.021907 0.037328 0.037328 0.021907 0.040895 0.040895 0.021907 0.041892 0.041892 0.021907 0.040083 0.040083 0.021907 0.037197 0.037197 0.021907 0.033508 0.033508 0.021907 0.028881 0.028881 0.021907 0.028881 0.028881 0.021907 0.042435 0.042435 0.021907 0.033530 0.033530 0.021907 0.028881 0.028881 0.021907 0.045776 0.045776 0.021907 0.033530 0.033530 0.021907 0.038673 0.038673 0.021907 0.034646 0.034646 0.021907 0.035515 0.035515 0.021907 0.034730 0.034730 0.021907 0.036331 0.036331 0.021907 0.036626 0.036626 0.021907 
0.041185 0.041185 0.021907 0.041271 0.041271 0.021907 0.033530 0.033530 0.021907 0.042745 0.042745 0.021907 0.047971 0.047971 0.021907 0.040540 0.040540 0.021907 0.037328 0.037328 0.021907 0.036816 0.036816 0.021907 0.029522 0.029522 0.021907 0.028881 0.028881 0.021907 0.026100 0.026100 0.021907 0.036137 0.036137 0.021907 0.033530 0.033530 0.021907 0.031335 0.031335 0.021907 0.031335 0.031335 0.021907 0.043963 0.043963 0.021907 0.028881 0.028881 0.021907 0.031335 0.031335 0.021907 0.037328 0.037328 0.021907 0.038425 0.038425 0.021907 0.038502 0.038502 0.021907 
0.041802 0.041802 0.021907 0.043321 0.043321 0.021907 0.047971 0.047971 0.021907 0.033530 0.033530 0.021907 0.049956 0.049956 0.021907 0.039314 0.039314 0.021907 0.053437 0.053437 0.021907 0.028881 0.028881 0.021907 0.028881 0.028881 0.021907 0.032461 0.032461 0.021907 0.028881 0.028881 0.021907 0.036442 0.036442 0.021907 0.038592 0.038592 0.021907 0.040540 0.040540 0.021907 0.033529 0.033529 0.021907 0.040540 0.040540 0.021907 0.028881 0.028881 0.021907 0.040540 0.040540 0.021907 0.040540 0.040540 0.021907 0.040540 0.040540 0.021907 0.040364 0.040364 0.021907 
0.041977 0.041977 0.021907 0.040540 0.040540 0.021907 0.047970 0.047970 0.021907 0.033530 0.033530 0.021907 0.046901 0.046901 0.021907 0.042266 0.042266 0.021907 0.032680 0.032680 0.021907 0.036137 0.036137 0.021907 0.022888 0.022888 0.021907 0.026100 0.026100 0.021907 0.045776 0.045776 0.021907 0.041509 0.041509 0.021907 0.032461 0.032461 0.021907 0.035515 0.035515 0.021907 0.051769 0.051769 0.021907 0.037328 0.037328 0.021907 0.035515 0.035515 0.021907 0.031335 0.031335 0.021907 0.037328 0.037328 0.021907 0.041978 0.041978 0.021907 0.041271 0.041271 0.021907 
0.041977 0.041977 0.021907 0.040540 0.040540 0.021907 0.047970 0.047970 0.021907 0.033530 0.033530 0.021907 0.046901 0.046901 0.021907 0.042266 0.042266 0.021907 0.032680 0.032680 0.021907 0.036137 0.036137 0.021907 0.022888 0.022888 0.021907 0.026100 0.026100 0.021907 0.045776 0.045776 0.021907 0.041509 0.041509 0.021907 0.032461 0.032461 0.021907 0.035515 0.035515 0.021907 0.051769 0.051769 0.021907 0.037328 0.037328 0.021907 0.035515 0.035515 0.021907 0.031335 0.031335 0.021907 0.037328 0.037328 0.021907 0.041978 0.041978 0.021907 0.041271 0.041271 0.021907 
0.041802 0.041802 0.021907 0.043321 0.043321 0.021907 0.047971 0.047971 0.021907 0.033530 0.033530 0.021907 0.049956 0.049956 0.021907 0.039314 0.039314 0.021907 0.053437 0.053437 0.021907 0.028881 0.028881 0.021907 0.028881 0.028881 0.021907 0.032461 0.032461 0.021907 0.028881 0.028881 0.021907 0.036442 0.036442 0.021907 0.038592 0.038592 0.021907 0.040540 0.040540 0.021907 0.033529 0.033529 0.021907 0.040540 0.040540 0.021907 0.028881 0.028881 0.021907 0.040540 0.040540 0.021907 0.040540 0.040540 0.021907 0.040540 0.040540 0.021907 0.040364 0.040364 0.021907 
0.041185 0.041185 0.021907 0.041271 0.041271 0.021907 0.033530 0.033530 0.021907 0.042745 0.042745 0.021907 0.047971 0.047971 0.021907 0.040540 0.040540 0.021907 0.037328 0.037328 0.021907 0.036816 0.036816 0.021907 0.029522 0.029522 0.021907 0.028881 0.028881 0.021907 0.026100 0.026100 0.021907 0.036137 0.036137 0.021907 0.033530 0.033530 0.021907 0.031335 0.031335 0.021907 0.031335 0.031335 0.021907 0.043963 0.043963 0.021907 0.028881 0.028881 0.021907 0.031335 0.031335 0.021907 0.037328 0.037328 0.021907 0.038425 0.038425 0.021907 0.038502 0.038502 0.021907 
0.039758 0.039758 0.021907 0.037990 0.037990 0.021907 0.037328 0.037328 0.021907 0.040895 0.040895 0.021907 0.041892 0.041892 0.021907 0.040083 0.040083 0.021907 0.037197 0.037197 0.021907 0.033508 0.033508 0.021907 0.028881 0.028881 0.021907 0.028881 0.028881 0.021907 0.042435 0.042435 0.021907 0.033530 0.033530 0.021907 0.028881 0.028881 0.021907 0.045776 0.045776 0.021907 0.033530 0.033530 0.021907 0.038673 0.038673 0.021907 0.034646 0.034646 0.021907 0.035515 0.035515 0.021907 0.034730 0.034730 0.021907 0.036331 0.036331 0.021907 0.036626 0.036626 0.021907 
0.038741 0.038741 0.021907 0.038360 0.038360 0.021907 0.039075 0.039075 0.021907 0.039358 0.039358 0.021907 0.038899 0.038899 0.021907 0.037433 0.037433 0.021907 0.034665 0.034665 0.021907 0.033037 0.033037 0.021907 0.031680 0.031680 0.021907 0.034766 0.034766 0.021907 0.035725 0.035725 0.021907 0.036781 0.036781 0.021907 0.040540 0.040540 0.021907 0.033530 0.033530 0.021907 0.045776 0.045776 0.021907 0.022888 0.022888 0.021907 0.034470 0.034470 0.021907 0.034289 0.034289 0.021907 0.034579 0.034579 0.021907 0.034978 0.034978 0.021907 0.035313 0.035313 0.021907 
0.038640 0.038640 0.021907 0.038814 0.038814 0.021907 0.038999 0.038999 0.021907 0.038558 0.038558 0.021907 0.037364 0.037364 0.021907 0.035632 0.035632 0.021907 0.034674 0.034674 0.021907 0.033259 0.033259 0.021907 0.033545 0.033545 0.021907 0.034551 0.034551 0.021907 0.035774 0.035774 0.021907 0.037301 0.037301 0.021907 0.037186 0.037186 0.021907 0.039750 0.039750 0.021907 0.037102 0.037102 0.021907 0.037253 0.037253 0.021907 0.032401 0.032401 0.021907 0.033741 0.033741 0.021907 0.034206 0.034206 0.021907 0.034589 0.034589 0.021907 0.034784 0.034784 0.021907 
0.000000 0.000000 0.000000 0.000000 0.000000 0.000000 0.000000 0.000000 0.000000 0.000000 0.000000 0.000000 0.000000 0.000000 0.000000 0.000000 0.000000 0.000000 0.000000 0.000000 0.000000 
0.000000 0.000000 0.000000 0.000000 0.000000 0.000000 0.000000 0.000000 0.000000 0.000000 0.000000 0.000000 0.000000 0.000000 0.000000 0.000000 0.000000 0.000000 0.000000 0.000000 0.000000 
0.000000 0.000000 0.000000 0.000000 0.000000 0.000000 0.000000 0.000000 0.000000 0.000000 0.000000 0.000000 0.000000 0.000000 0.000000 0.000000 0.000000 0.000000 0.000000 0.000000 0.000000 
0.000000 0.000000 0.000000 0.000000 0.000000 0.000000 0.000000 0.000000 0.000000 0.000000 0.000000 0.000000 0.000000 0.000000 0.000000 0.000000 0.000000 0.000000 0.000000 0.000000 0.000000 
0.000000 0.000000 0.000000 0.000000 0.000000 0.000000 0.000000 0.000000 0.000000 0.000000 0.000000 0.000000 0.000000 0.000000 0.000000 0.000000 0.000000 0.000000 0.000000 0.000000 0.000000 
0.000000 0.000000 0.000000 0.000000 0.000000 0.000000 0.000000 0.000000 0.000000 0.000000 0.000000 0.000000 0.000000 0.000000 0.000000 0.000000 0.000000 0.000000 0.000000 0.000000 0.000000 
0.000000 0.000000 0.000000 0.000000 0.000000 0.000000 0.000000 0.000000 0.000000 0.000000 0.000000 0.000000 0.000000 0.000000 0.000000 0.000000 0.000000 0.000000 0.000000 0.000000 0.000000 
0.000000 0.000000 0.000000 0.000000 0.000000 0.000000 0.000000 0.000000 0.000000 0.000000 0.000000 0.000000 0.000000 0.000000 0.000000 0.000000 0.000000 0.000000 0.000000 0.000000 0.000000 
0.000000 0.000000 0.000000 0.000000 0.000000 0.000000 0.000000 0.000000 0.000000 0.000000 0.000000 0.000000 0.000000 0.000000 0.000000 0.000000 0.000000 0.000000 0.000000 0.000000 0.000000 
0.000000 0.000000 0.000000 0.000000 0.000000 0.000000 0.000000 0.000000 0.000000 0.000000 0.000000 0.000000 0.000000 0.000000 0.000000 0.000000 0.000000 0.000000 0.000000 0.000000 0.000000 
0.000000 0.000000 0.000000 0.000000 0.000000 0.000000 0.000000 0.000000 0.000000 0.000000 0.000000 0.000000 0.000000 0.000000 0.000000 0.000000 0.000000 0.000000 0.000000 0.000000 0.000000 
0.000000 0.000000 0.000000 0.000000 0.000000 0.000000 0.000000 0.000000 0.000000 0.000000 0.000000 0.000000 0.000000 0.000000 0.000000 0.000000 0.000000 0.000000 0.000000 0.000000 0.000000 
