21 12
0.030829 0.030829 0.000000 0.029979 0.029979 0.000000 0.029122 0.029122 0.000000 0.028787 0.028787 0.000000 0.029013 0.029013 0.000000 0.029946 0.029946 0.000000 0.031146 0.031146 0.000000 0.032710 0.032710 0.000000 0.033742 0.033742 0.000000 0.033994 0.033994 0.000000 0.034423 0.034423 0.000000 0.034224 0.034224 0.000000 0.033654 0.033654 0.000000 0.031118 0.031118 0.000000 0.029829 0.029829 0.000000 0.031890 0.031890 0.000000 0.034331 0.034331 0.000000 0.034877 0.034877 0.000000 0.031603 0.031603 0.000000 0.030143 0.030143 0.000000 0.029912 0.029912 0.000000 
0.031490 0.031490 0.000000 0.030991 0.030991 0.000000 0.029780 0.029780 0.000000 0.028784 0.028784 0.000000 0.028561 0.028561 0.000000 0.028502 0.028502 0.000000 0.030106 0.030106 0.000000 0.032939 0.032939 0.000000 0.033837 0.033837 0.000000 0.034174 0.034174 0.000000 0.033530 0.033530 0.000000 0.035516 0.035516 0.000000 0.033355 0.033355 0.000000 0.031296 0.031296 0.000000 0.025083 0.025083 0.000000 0.031180 0.031180 0.000000 0.038996 0.038996 0.000000 0.030416 0.030416 0.000000 0.029062 0.029062 0.000000 0.029677 0.029677 0.000000 0.029624 0.029624 0.000000 
0.032334 0.032334 0.000000 0.032553 0.032553 0.000000 0.032293 0.032293 0.000000 0.029037 0.029037 0.000000 0.028519 0.028519 0.000000 0.027185 0.027185 0.000000 0.028107 0.028107 0.000000 0.028946 0.028946 0.000000 0.038996 0.038996 0.000000 0.031918 0.031918 0.000000 0.031335 0.031335 0.000000 0.032093 0.032093 0.000000 0.026099 0.026099 0.000000 0.037900 0.037900 0.000000 0.031335 0.031335 0.000000 0.032093 0.032093 0.000000 0.025083 0.025083 0.000000 0.019089 0.019089 0.000000 0.028881 0.028881 0.000000 0.029039 0.029039 0.000000 0.029349 0.029349 0.000000 
0.032793 0.032793 0.000000 0.032941 0.032941 0.000000 0.034882 0.034882 0.000000 0.035516 0.035516 0.000000 0.021075 0.021075 0.000000 0.027756 0.027756 0.000000 0.027813 0.027813 0.000000 0.027536 0.027536 0.000000 0.014441 0.014441 0.000000 0.029731 0.029731 0.000000 0.035890 0.035890 0.000000 0.038455 0.038455 0.000000 0.034547 0.034547 0.000000 0.028881 0.028881 0.000000 0.027995 0.027995 0.000000 0.032093 0.032093 0.000000 0.040540 0.040540 0.000000 0.031002 0.031002 0.000000 0.028881 0.028881 0.000000 0.029326 0.029326 0.000000 0.029427 0.029427 0.000000 
0.036163 0.036163 0.000000 0.028881 0.028881 0.000000 0.035117 0.035117 0.000000 0.042660 0.042660 0.000000 0.036138 0.036138 0.000000 0.027069 0.027069 0.000000 0.022888 0.022888 0.000000 0.021075 0.021075 0.000000 0.026686 0.026686 0.000000 0.028881 0.028881 0.000000 0.038455 0.038455 0.000000 0.039173 0.039173 0.000000 0.029732 0.029732 0.000000 0.024232 0.024232 0.000000 0.029522 0.029522 0.000000 0.026100 0.026100 0.000000 0.026099 0.026099 0.000000 0.027069 0.027069 0.000000 0.029613 0.029613 0.000000 0.029910 0.029910 0.000000 0.030207 0.030207 0.000000 
0.038455 0.038455 0.000000 0.041977 0.041977 0.000000 0.028882 0.028882 0.000000 0.026831 0.026831 0.000000 0.026100 0.026100 0.000000 0.021451 0.021451 0.000000 0.022888 0.022888 0.000000 0.022888 0.022888 0.000000 0.022887 0.022887 0.000000 0.014440 0.014440 0.000000 0.024233 0.024233 0.000000 0.030318 0.030318 0.000000 0.032926 0.032926 0.000000 0.031335 0.031335 0.000000 0.030144 0.030144 0.000000 0.021871 0.021871 0.000000 0.033530 0.033530 0.000000 0.028881 0.028881 0.000000 0.029731 0.029731 0.000000 0.031335 0.031335 0.000000 0.030870 0.030870 0.000000 
0.038455 0.038455 0.000000 0.041977 0.041977 0.000000 0.028882 0.028882 0.000000 0.026831 0.026831 0.000000 0.026100 0.026100 0.000000 0.021451 0.021451 0.000000 0.022888 0.022888 0.000000 0.022888 0.022888 0.000000 0.022887 0.022887 0.000000 0.014440 0.014440 0.000000 0.024233 0.024233 0.000000 0.030318 0.030318 0.000000 0.032926 0.032926 0.000000 0.031335 0.031335 0.000000 0.030144 0.030144 0.000000 0.021871 0.021871 0.000000 0.033530 0.033530 0.000000 0.028881 0.028881 0.000000 0.029731 0.029731 0.000000 0.031335 0.031335 0.000000 0.030870 0.030870 0.000000 
0.036163 0.036163 0.000000 0.028881 0.028881 0.000000 0.035117 0.035117 0.000000 0.042660 0.042660 0.000000 0.036138 0.036138 0.000000 0.027069 0.027069 0.000000 0.022888 0.022888 0.000000 0.021075 0.021075 0.000000 0.026686 0.026686 0.000000 0.028881 0.028881 0.000000 0.038455 0.038455 0.000000 0.039173 0.039173 0.000000 0.029732 0.029732 0.000000 0.024232 0.024232 0.000000 0.029522 0.029522 0.000000 0.026100 0.026100 0.000000 0.026099 0.026099 0.000000 0.027069 0.027069 0.000000 0.029613 0.029613 0.000000 0.029910 0.029910 0.000000 0.030207 0.030207 0.000000 
0.032793 0.032793 0.000000 0.032941 0.032941 0.000000 0.034882 0.034882 0.000000 0.035516 0.035516 0.000000 0.021075 0.021075 0.000000 0.027756 0.027756 0.000000 0.027813 0.027813 0.000000 0.027536 0.027536 0.000000 0.014441 0.014441 0.000000 0.029731 0.029731 0.000000 0.035890 0.035890 0.000000 0.038455 0.038455 0.000000 0.034547 0.034547 0.000000 0.028881 0.028881 0.000000 0.027995 0.027995 0.000000 0.032093 0.032093 0.000000 0.040540 0.040540 0.000000 0.031002 0.031002 0.000000 0.028881 0.028881 0.000000 0.029326 0.029326 0.000000 0.029427 0.029427 0.000000 
0.032334 0.032334 0.000000 0.032553 0.032553 0.000000 0.032293 0.032293 0.000000 0.029037 0.029037 0.000000 0.028519 0.028519 0.000000 0.027185 0.027185 0.000000 0.028107 0.028107 0.000000 0.028946 0.028946 0.000000 0.038996 0.038996 0.000000 0.031918 0.031918 0.000000 0.031335 0.031335 0.000000 0.032093 0.032093 0.000000 0.026099 0.026099 0.000000 0.037900 0.037900 0.000000 0.031335 0.031335 0.000000 0.032093 0.032093 0.000000 0.025083 0.025083 0.000000 0.019089 0.019089 0.000000 0.028881 0.028881 0.000000 0.029039 0.029039 0.000000 0.029349 0.029349 0.000000 
0.031490 0.031490 0.000000 0.030991 0.030991 0.000000 0.029780 0.029780 0.000000 0.028784 0.028784 0.000000 0.028561 0.028561 0.000000 0.028502 0.028502 0.000000 0.030106 0.030106 0.000000 0.032939 0.032939 0.000000 0.033837 0.033837 0.000000 0.034174 0.034174 0.000000 0.033530 0.033530 0.000000 0.035516 0.035516 0.000000 0.033355 0.033355 0.000000 0.031296 0.031296 0.000000 0.025083 0.025083 0.000000 0.031180 0.031180 0.000000 0.038996 0.038996 0.000000 0.030416 0.030416 0.000000 0.029062 0.029062 0.000000 0.029677 0.029677 0.000000 0.029624 0.029624 0.000000 
0.030829 0.030829 0.000000 0.029979 0.029979 0.000000 0.029122 0.029122 0.000000 0.028787 0.028787 0.000000 0.029013 0.029013 0.000000 0.029946 0.029946 0.000000 0.031146 0.031146 0.000000 0.032710 0.032710 0.000000 0.033742 0.033742 0.000000 0.033994 0.033994 0.000000 0.034423 0.034423 0.000000 0.034224 0.034224 0.000000 0.033654 0.033654 0.000000 0.031118 0.031118 0.000000 0.029829 0.029829 0.000000 0.031890 0.031890 0.000000 0.034331 0.034331 0.000000 0.034877 0.034877 0.000000 0.031603 0.031603 0.000000 0.030143 0.030143 0.000000 0.029912 0.029912 0.000000 
0.000000 0.000000 0.000000 0.000000 0.000000 0.000000 0.000000 0.000000 0.000000 0.000000 0.000000 0.000000 0.000000 0.000000 0.000000 0.000000 0.000000 0.000000 0.000000 0.000000 0.000000 
0.000000 0.000000 0.000000 0.000000 0.000000 0.000000 0.000000 0.000000 0.000000 0.000000 0.000000 0.000000 0.000000 0.000000 0.000000 0.000000 0.000000 0.000000 0.000000 0.000000 0.000000 
0.000000 0.000000 0.000000 0.000000 0.000000 0.000000 0.000000 0.000000 0.000000 0.000000 0.000000 0.000000 0.000000 0.000000 0.000000 0.000000 0.000000 0.000000 0.000000 0.000000 0.000000 
0.000000 0.000000 0.000000 0.000000 0.000000 0.000000 0.000000 0.000000 0.000000 0.000000 0.000000 0.000000 0.000000 0.000000 0.000000 0.000000 0.000000 0.000000 0.000000 0.000000 0.000000 
0.000000 0.000000 0.000000 0.000000 0.000000 0.000000 0.000000 0.000000 0.000000 0.000000 0.000000 0.000000 0.000000 0.000000 0.000000 0.000000 0.000000 0.000000 0.000000 0.000000 0.000000 
0.000000 0.000000 0.000000 0.000000 0.000000 0.000000 0.000000 0.000000 0.000000 0.000000 0.000000 0.000000 0.000000 0.000000 0.000000 0.000000 0.000000 0.000000 0.000000 0.000000 0.000000 
0.000000 0.000000 0.000000 0.000000 0.000000 0.000000 0.000000 0.000000 0.000000 0.000000 0.000000 0.000000 0.000000 0.000000 0.000000 0.000000 0.000000 0.000000 0.000000 0.000000 0.000000 
0.000000 0.000000 0.000000 0.000000 0.000000 0.000000 0.000000 0.000000 0.000000 0.000000 0.000000 0.000000 0.000000 0.000000 0.000000 0.000000 0.000000 0.000000 0.000000 0.000000 0.000000 
0.000000 0.000000 0.000000 0.000000 0.000000 0.000000 0.000000 0.000000 0.000000 0.000000 0.000000 0.000000 0.000000 0.000000 0.000000 0.000000 0.000000 0.000000 0.000000 0.000000 0.000000 
0.000000 0.000000 0.000000 0.000000 0.000000 0.000000 0.000000 0.000000 0.000000 0.000000 0.000000 0.000000 0.000000 0.000000 0.000000 0.000000 0.000000 0.000000 0.000000 0.000000 0.000000 
0.000000 0.000000 0.000000 0.000000 0.000000 0.000000 0.000000 0.000000 0.000000 0.000000 0.000000 0.000000 0.000000 0.000000 0.000000 0.000000 0.000000 0.000000 0.000000 0.000000 0.000000 
0.000000 0.000000 0.000000 0.000000 0.000000 0.000000 0.000000 0.000000 0.000000 0.000000 0.000000 0.000000 0.000000 0.000000 0.000000 0.000000 0.000000 0.000000 0.000000 0.000000 0.000000 
