21 12
0.042417 0.042417 0.000000 0.042901 0.042901 0.000000 0.042363 0.042363 0.000000 0.040420 0.040420 0.000000 0.037638 0.037638 0.000000 0.034427 0.034427 0.000000 0.033024 0.033024 0.000000 0.031289 0.031289 0.000000 0.032018 0.032018 0.000000 0.033530 0.033530 0.000000 0.034626 0.034626 0.000000 0.035816 0.035816 0.000000 0.037775 0.037775 0.000000 0.039936 0.039936 0.000000 0.040270 0.040270 0.000000 0.040688 0.040688 0.000000 0.039658 0.039658 0.000000 0.039689 0.039689 0.000000 0.037638 0.037638 0.000000 0.036332 0.036332 0.000000 0.036002 0.036002 0.000000 
0.041641 0.041641 0.000000 0.042714 0.042714 0.000000 0.043606 0.043606 0.000000 0.042928 0.042928 0.000000 0.040480 0.040480 0.000000 0.037706 0.037706 0.000000 0.032374 0.032374 0.000000 0.030242 0.030242 0.000000 0.030388 0.030388 0.000000 0.033489 0.033489 0.000000 0.035325 0.035325 0.000000 0.035017 0.035017 0.000000 0.038079 0.038079 0.000000 0.041641 0.041641 0.000000 0.040776 0.040776 0.000000 0.035817 0.035817 0.000000 0.041613 0.041613 0.000000 0.037467 0.037467 0.000000 0.035554 0.035554 0.000000 0.035666 0.035666 0.000000 0.035741 0.035741 0.000000 
0.039689 0.039689 0.000000 0.041127 0.041127 0.000000 0.043683 0.043683 0.000000 0.046924 0.046924 0.000000 0.045613 0.045613 0.000000 0.043034 0.043034 0.000000 0.036837 0.036837 0.000000 0.029699 0.029699 0.000000 0.022609 0.022609 0.000000 0.034307 0.034307 0.000000 0.039028 0.039028 0.000000 0.032107 0.032107 0.000000 0.029396 0.029396 0.000000 0.035326 0.035326 0.000000 0.048095 0.048095 0.000000 0.042498 0.042498 0.000000 0.036586 0.036586 0.000000 0.029848 0.029848 0.000000 0.034186 0.034186 0.000000 0.035210 0.035210 0.000000 0.035363 0.035363 0.000000 
0.036800 0.036800 0.000000 0.037774 0.037774 0.000000 0.039092 0.039092 0.000000 0.045237 0.045237 0.000000 0.054377 0.054377 0.000000 0.044338 0.044338 0.000000 0.041214 0.041214 0.000000 0.038444 0.038444 0.000000 0.008026 0.008026 0.000000 0.033572 0.033572 0.000000 0.032285 0.032285 0.000000 0.030581 0.030581 0.000000 0.018239 0.018239 0.000000 0.030533 0.030533 0.000000 0.039844 0.039844 0.000000 0.049321 0.049321 0.000000 0.036622 0.036622 0.000000 0.032549 0.032549 0.000000 0.035891 0.035891 0.000000 0.035056 0.035056 0.000000 0.034266 0.034266 0.000000 
0.034024 0.034024 0.000000 0.033655 0.033655 0.000000 0.033655 0.033655 0.000000 0.027257 0.027257 0.000000 0.048586 0.048586 0.000000 0.043374 0.043374 0.000000 0.035667 0.035667 0.000000 0.030193 0.030193 0.000000 0.037013 0.037013 0.000000 0.027536 0.027536 0.000000 0.031928 0.031928 0.000000 0.036694 0.036694 0.000000 0.041214 0.041214 0.000000 0.043606 0.043606 0.000000 0.035816 0.035816 0.000000 0.043400 0.043400 0.000000 0.037363 0.037363 0.000000 0.043451 0.043451 0.000000 0.037224 0.037224 0.000000 0.031473 0.031473 0.000000 0.034187 0.034187 0.000000 
0.032680 0.032680 0.000000 0.031656 0.031656 0.000000 0.029497 0.029497 0.000000 0.029294 0.029294 0.000000 0.050773 0.050773 0.000000 0.019255 0.019255 0.000000 0.034743 0.034743 0.000000 0.019172 0.019172 0.000000 0.034625 0.034625 0.000000 0.037328 0.037328 0.000000 0.030867 0.030867 0.000000 0.040391 0.040391 0.000000 0.044113 0.044113 0.000000 0.044780 0.044780 0.000000 0.044363 0.044363 0.000000 0.039219 0.039219 0.000000 0.038312 0.038312 0.000000 0.026454 0.026454 0.000000 0.035553 0.035553 0.000000 0.035440 0.035440 0.000000 0.033572 0.033572 0.000000 
0.032680 0.032680 0.000000 0.031656 0.031656 0.000000 0.029497 0.029497 0.000000 0.029294 0.029294 0.000000 0.050773 0.050773 0.000000 0.019255 0.019255 0.000000 0.034743 0.034743 0.000000 0.019172 0.019172 0.000000 0.034625 0.034625 0.000000 0.037328 0.037328 0.000000 0.030867 0.030867 0.000000 0.040391 0.040391 0.000000 0.044113 0.044113 0.000000 0.044780 0.044780 0.000000 0.044363 0.044363 0.000000 0.039219 0.039219 0.000000 0.038312 0.038312 0.000000 0.026454 0.026454 0.000000 0.035553 0.035553 0.000000 0.035440 0.035440 0.000000 0.033572 0.033572 0.000000 
0.034024 0.034024 0.000000 0.033655 0.033655 0.000000 0.033655 0.033655 0.000000 0.027257 0.027257 0.000000 0.048586 0.048586 0.000000 0.043374 0.043374 0.000000 0.035667 0.035667 0.000000 0.030193 0.030193 0.000000 0.037013 0.037013 0.000000 0.027536 0.027536 0.000000 0.031928 0.031928 0.000000 0.036694 0.036694 0.000000 0.041214 0.041214 0.000000 0.043606 0.043606 0.000000 0.035816 0.035816 0.000000 0.043400 0.043400 0.000000 0.037363 0.037363 0.000000 0.043451 0.043451 0.000000 0.037224 0.037224 0.000000 0.031473 0.031473 0.000000 0.034187 0.034187 0.000000 
0.036800 0.036800 0.000000 0.037774 0.037774 0.000000 0.039092 0.039092 0.000000 0.045237 0.045237 0.000000 0.054377 0.054377 0.000000 0.044338 0.044338 0.000000 0.041214 0.041214 0.000000 0.038444 0.038444 0.000000 0.008026 0.008026 0.000000 0.033572 0.033572 0.000000 0.032285 0.032285 0.000000 0.030581 0.030581 0.000000 0.018239 0.018239 0.000000 0.030533 0.030533 0.000000 0.039844 0.039844 0.000000 0.049321 0.049321 0.000000 0.036622 0.036622 0.000000 0.032549 0.032549 0.000000 0.035891 0.035891 0.000000 0.035056 0.035056 0.000000 0.034266 0.034266 0.000000 
0.039689 0.039689 0.000000 0.041127 0.041127 0.000000 0.043683 0.043683 0.000000 0.046924 0.046924 0.000000 0.045613 0.045613 0.000000 0.043034 0.043034 0.000000 0.036837 0.036837 0.000000 0.029699 0.029699 0.000000 0.022609 0.022609 0.000000 0.034307 0.034307 0.000000 0.039028 0.039028 0.000000 0.032107 0.032107 0.000000 0.029396 0.029396 0.000000 0.035326 0.035326 0.000000 0.048095 0.048095 0.000000 0.042498 0.042498 0.000000 0.036586 0.036586 0.000000 0.029848 0.029848 0.000000 0.034186 0.034186 0.000000 0.035210 0.035210 0.000000 0.035363 0.035363 0.000000 
0.041641 0.041641 0.000000 0.042714 0.042714 0.000000 0.043606 0.043606 0.000000 0.042928 0.042928 0.000000 0.040480 0.040480 0.000000 0.037706 0.037706 0.000000 0.032374 0.032374 0.000000 0.030242 0.030242 0.000000 0.030388 0.030388 0.000000 0.033489 0.033489 0.000000 0.035325 0.035325 0.000000 0.035017 0.035017 0.000000 0.038079 0.038079 0.000000 0.041641 0.041641 0.000000 0.040776 0.040776 0.000000 0.035817 0.035817 0.000000 0.041613 0.041613 0.000000 0.037467 0.037467 0.000000 0.035554 0.035554 0.000000 0.035666 0.035666 0.000000 0.035741 0.035741 0.000000 
0.042417 0.042417 0.000000 0.042901 0.042901 0.000000 0.042363 0.042363 0.000000 0.040420 0.040420 0.000000 0.037638 0.037638 0.000000 0.034427 0.034427 0.000000 0.033024 0.033024 0.000000 0.031289 0.031289 0.000000 0.032018 0.032018 0.000000 0.033530 0.033530 0.000000 0.034626 0.034626 0.000000 0.035816 0.035816 0.000000 0.037775 0.037775 0.000000 0.039936 0.039936 0.000000 0.040270 0.040270 0.000000 0.040688 0.040688 0.000000 0.039658 0.039658 0.000000 0.039689 0.039689 0.000000 0.037638 0.037638 0.000000 0.036332 0.036332 0.000000 0.036002 0.036002 0.000000 
0.000000 0.000000 0.000000 0.000000 0.000000 0.000000 0.000000 0.000000 0.000000 0.000000 0.000000 0.000000 0.000000 0.000000 0.000000 0.000000 0.000000 0.000000 0.000000 0.000000 0.000000 
0.000000 0.000000 0.000000 0.000000 0.000000 0.000000 0.000000 0.000000 0.000000 0.000000 0.000000 0.000000 0.000000 0.000000 0.000000 0.000000 0.000000 0.000000 0.000000 0.000000 0.000000 
0.000000 0.000000 0.000000 0.000000 0.000000 0.000000 0.000000 0.000000 0.000000 0.000000 0.000000 0.000000 0.000000 0.000000 0.000000 0.000000 0.000000 0.000000 0.000000 0.000000 0.000000 
0.000000 0.000000 0.000000 0.000000 0.000000 0.000000 0.000000 0.000000 0.000000 0.000000 0.000000 0.000000 0.000000 0.000000 0.000000 0.000000 0.000000 0.000000 0.000000 0.000000 0.000000 
0.000000 0.000000 0.000000 0.000000 0.000000 0.000000 0.000000 0.000000 0.000000 0.000000 0.000000 0.000000 0.000000 0.000000 0.000000 0.000000 0.000000 0.000000 0.000000 0.000000 0.000000 
0.000000 0.000000 0.000000 0.000000 0.000000 0.000000 0.000000 0.000000 0.000000 0.000000 0.000000 0.000000 0.000000 0.000000 0.000000 0.000000 0.000000 0.000000 0.000000 0.000000 0.000000 
0.000000 0.000000 0.000000 0.000000 0.000000 0.000000 0.000000 0.000000 0.000000 0.000000 0.000000 0.000000 0.000000 0.000000 0.000000 0.000000 0.000000 0.000000 0.000000 0.000000 0.000000 
0.000000 0.000000 0.000000 0.000000 0.000000 0.000000 0.000000 0.000000 0.000000 0.000000 0.000000 0.000000 0.000000 0.000000 0.000000 0.000000 0.000000 0.000000 0.000000 0.000000 0.000000 
0.000000 0.000000 0.000000 0.000000 0.000000 0.000000 0.000000 0.000000 0.000000 0.000000 0.000000 0.000000 0.000000 0.000000 0.000000 0.000000 0.000000 0.000000 0.000000 0.000000 0.000000 
0.000000 0.000000 0.000000 0.000000 0.000000 0.000000 0.000000 0.000000 0.000000 0.000000 0.000000 0.000000 0.000000 0.000000 0.000000 0.000000 0.000000 0.000000 0.000000 0.000000 0.000000 
0.000000 0.000000 0.000000 0.000000 0.000000 0.000000 0.000000 0.000000 0.000000 0.000000 0.000000 0.000000 0.000000 0.000000 0.000000 0.000000 0.000000 0.000000 0.000000 0.000000 0.000000 
0.000000 0.000000 0.000000 0.000000 0.000000 0.000000 0.000000 0.000000 0.000000 0.000000 0.000000 0.000000 0.000000 0.000000 0.000000 0.000000 0.000000 0.000000 0.000000 0.000000 0.000000 
