21 12
0.028985 0.028985 0.000000 0.027813 0.027813 0.000000 0.027087 0.027087 0.000000 0.027369 0.027369 0.000000 0.028246 0.028246 0.000000 0.029848 0.029848 0.000000 0.031519 0.031519 0.000000 0.033321 0.033321 0.000000 0.033278 0.033278 0.000000 0.031242 0.031242 0.000000 0.032896 0.032896 0.000000 0.034467 0.034467 0.000000 0.037328 0.037328 0.000000 0.036872 0.036872 0.000000 0.035966 0.035966 0.000000 0.036223 0.036223 0.000000 0.035891 0.035891 0.000000 0.035172 0.035172 0.000000 0.034467 0.034467 0.000000 0.035478 0.035478 0.000000 0.036658 0.036658 0.000000 
0.030144 0.030144 0.000000 0.028985 0.028985 0.000000 0.027257 0.027257 0.000000 0.026628 0.026628 0.000000 0.027200 0.027200 0.000000 0.027592 0.027592 0.000000 0.030340 0.030340 0.000000 0.034467 0.034467 0.000000 0.034822 0.034822 0.000000 0.032285 0.032285 0.000000 0.023300 0.023300 0.000000 0.040360 0.040360 0.000000 0.037911 0.037911 0.000000 0.036039 0.036039 0.000000 0.034626 0.034626 0.000000 0.035133 0.035133 0.000000 0.034186 0.034186 0.000000 0.033655 0.033655 0.000000 0.033820 0.033820 0.000000 0.037740 0.037740 0.000000 0.036259 0.036259 0.000000 
0.031793 0.031793 0.000000 0.031793 0.031793 0.000000 0.029446 0.029446 0.000000 0.025310 0.025310 0.000000 0.025556 0.025556 0.000000 0.025618 0.025618 0.000000 0.026686 0.026686 0.000000 0.029497 0.029497 0.000000 0.044437 0.044437 0.000000 0.030866 0.030866 0.000000 0.026512 0.026512 0.000000 0.041214 0.041214 0.000000 0.019255 0.019255 0.000000 0.045590 0.045590 0.000000 0.036658 0.036658 0.000000 0.036872 0.036872 0.000000 0.027536 0.027536 0.000000 0.012475 0.012475 0.000000 0.044535 0.044535 0.000000 0.035516 0.035516 0.000000 0.036296 0.036296 0.000000 
0.033194 0.033194 0.000000 0.033194 0.033194 0.000000 0.036550 0.036550 0.000000 0.027200 0.027200 0.000000 0.018239 0.018239 0.000000 0.025679 0.025679 0.000000 0.025860 0.025860 0.000000 0.024491 0.024491 0.000000 0.015157 0.015157 0.000000 0.026512 0.026512 0.000000 0.038112 0.038112 0.000000 0.033278 0.033278 0.000000 0.051117 0.051117 0.000000 0.024683 0.024683 0.000000 0.024555 0.024555 0.000000 0.033067 0.033067 0.000000 0.052198 0.052198 0.000000 0.035095 0.035095 0.000000 0.022396 0.022396 0.000000 0.035591 0.035591 0.000000 0.034626 0.034626 0.000000 
0.038835 0.038835 0.000000 0.028085 0.028085 0.000000 0.037570 0.037570 0.000000 0.055173 0.055173 0.000000 0.030242 0.030242 0.000000 0.026454 0.026454 0.000000 0.022678 0.022678 0.000000 0.014955 0.014955 0.000000 0.032152 0.032152 0.000000 0.029140 0.029140 0.000000 0.041471 0.041471 0.000000 0.050846 0.050846 0.000000 0.040480 0.040480 0.000000 0.031702 0.031702 0.000000 0.030628 0.030628 0.000000 0.034427 0.034427 0.000000 0.034862 0.034862 0.000000 0.037638 0.037638 0.000000 0.036979 0.036979 0.000000 0.032505 0.032505 0.000000 0.035779 0.035779 0.000000 
0.041894 0.041894 0.000000 0.048907 0.048907 0.000000 0.027144 0.027144 0.000000 0.026454 0.026454 0.000000 0.021892 0.021892 0.000000 0.026158 0.026158 0.000000 0.018152 0.018152 0.000000 0.028354 0.028354 0.000000 0.020692 0.020692 0.000000 0.028193 0.028193 0.000000 0.035363 0.035363 0.000000 0.046256 0.046256 0.000000 0.041753 0.041753 0.000000 0.036943 0.036943 0.000000 0.033571 0.033571 0.000000 0.020382 0.020382 0.000000 0.034065 0.034065 0.000000 0.027536 0.027536 0.000000 0.028566 0.028566 0.000000 0.038803 0.038803 0.000000 0.036040 0.036040 0.000000 
0.041894 0.041894 0.000000 0.048907 0.048907 0.000000 0.027144 0.027144 0.000000 0.026454 0.026454 0.000000 0.021892 0.021892 0.000000 0.026158 0.026158 0.000000 0.018152 0.018152 0.000000 0.028354 0.028354 0.000000 0.020692 0.020692 0.000000 0.028193 0.028193 0.000000 0.035363 0.035363 0.000000 0.046256 0.046256 0.000000 0.041753 0.041753 0.000000 0.036943 0.036943 0.000000 0.033571 0.033571 0.000000 0.020382 0.020382 0.000000 0.034065 0.034065 0.000000 0.027536 0.027536 0.000000 0.028566 0.028566 0.000000 0.038803 0.038803 0.000000 0.036040 0.036040 0.000000 
0.038835 0.038835 0.000000 0.028085 0.028085 0.000000 0.037570 0.037570 0.000000 0.055173 0.055173 0.000000 0.030242 0.030242 0.000000 0.026454 0.026454 0.000000 0.022678 0.022678 0.000000 0.014955 0.014955 0.000000 0.032152 0.032152 0.000000 0.029140 0.029140 0.000000 0.041471 0.041471 0.000000 0.050846 0.050846 0.000000 0.040480 0.040480 0.000000 0.031702 0.031702 0.000000 0.030628 0.030628 0.000000 0.034427 0.034427 0.000000 0.034862 0.034862 0.000000 0.037638 0.037638 0.000000 0.036979 0.036979 0.000000 0.032505 0.032505 0.000000 0.035779 0.035779 0.000000 
0.033194 0.033194 0.000000 0.033194 0.033194 0.000000 0.036550 0.036550 0.000000 0.027200 0.027200 0.000000 0.018239 0.018239 0.000000 0.025679 0.025679 0.000000 0.025860 0.025860 0.000000 0.024491 0.024491 0.000000 0.015157 0.015157 0.000000 0.026512 0.026512 0.000000 0.038112 0.038112 0.000000 0.033278 0.033278 0.000000 0.051117 0.051117 0.000000 0.024683 0.024683 0.000000 0.024555 0.024555 0.000000 0.033067 0.033067 0.000000 0.052198 0.052198 0.000000 0.035095 0.035095 0.000000 0.022396 0.022396 0.000000 0.035591 0.035591 0.000000 0.034626 0.034626 0.000000 
0.031793 0.031793 0.000000 0.031793 0.031793 0.000000 0.029446 0.029446 0.000000 0.025310 0.025310 0.000000 0.025556 0.025556 0.000000 0.025618 0.025618 0.000000 0.026686 0.026686 0.000000 0.029497 0.029497 0.000000 0.044437 0.044437 0.000000 0.030866 0.030866 0.000000 0.026512 0.026512 0.000000 0.041214 0.041214 0.000000 0.019255 0.019255 0.000000 0.045590 0.045590 0.000000 0.036658 0.036658 0.000000 0.036872 0.036872 0.000000 0.027536 0.027536 0.000000 0.012475 0.012475 0.000000 0.044535 0.044535 0.000000 0.035516 0.035516 0.000000 0.036296 0.036296 0.000000 
0.030144 0.030144 0.000000 0.028985 0.028985 0.000000 0.027257 0.027257 0.000000 0.026628 0.026628 0.000000 0.027200 0.027200 0.000000 0.027592 0.027592 0.000000 0.030340 0.030340 0.000000 0.034467 0.034467 0.000000 0.034822 0.034822 0.000000 0.032285 0.032285 0.000000 0.023300 0.023300 0.000000 0.040360 0.040360 0.000000 0.037911 0.037911 0.000000 0.036039 0.036039 0.000000 0.034626 0.034626 0.000000 0.035133 0.035133 0.000000 0.034186 0.034186 0.000000 0.033655 0.033655 0.000000 0.033820 0.033820 0.000000 0.037740 0.037740 0.000000 0.036259 0.036259 0.000000 
0.028985 0.028985 0.000000 0.027813 0.027813 0.000000 0.027087 0.027087 0.000000 0.027369 0.027369 0.000000 0.028246 0.028246 0.000000 0.029848 0.029848 0.000000 0.031519 0.031519 0.000000 0.033321 0.033321 0.000000 0.033278 0.033278 0.000000 0.031242 0.031242 0.000000 0.032896 0.032896 0.000000 0.034467 0.034467 0.000000 0.037328 0.037328 0.000000 0.036872 0.036872 0.000000 0.035966 0.035966 0.000000 0.036223 0.036223 0.000000 0.035891 0.035891 0.000000 0.035172 0.035172 0.000000 0.034467 0.034467 0.000000 0.035478 0.035478 0.000000 0.036658 0.036658 0.000000 
0.000000 0.000000 0.000000 0.000000 0.000000 0.000000 0.000000 0.000000 0.000000 0.000000 0.000000 0.000000 0.000000 0.000000 0.000000 0.000000 0.000000 0.000000 0.000000 0.000000 0.000000 
0.000000 0.000000 0.000000 0.000000 0.000000 0.000000 0.000000 0.000000 0.000000 0.000000 0.000000 0.000000 0.000000 0.000000 0.000000 0.000000 0.000000 0.000000 0.000000 0.000000 0.000000 
0.000000 0.000000 0.000000 0.000000 0.000000 0.000000 0.000000 0.000000 0.000000 0.000000 0.000000 0.000000 0.000000 0.000000 0.000000 0.000000 0.000000 0.000000 0.000000 0.000000 0.000000 
0.000000 0.000000 0.000000 0.000000 0.000000 0.000000 0.000000 0.000000 0.000000 0.000000 0.000000 0.000000 0.000000 0.000000 0.000000 0.000000 0.000000 0.000000 0.000000 0.000000 0.000000 
0.000000 0.000000 0.000000 0.000000 0.000000 0.000000 0.000000 0.000000 0.000000 0.000000 0.000000 0.000000 0.000000 0.000000 0.000000 0.000000 0.000000 0.000000 0.000000 0.000000 0.000000 
0.000000 0.000000 0.000000 0.000000 0.000000 0.000000 0.000000 0.000000 0.000000 0.000000 0.000000 0.000000 0.000000 0.000000 0.000000 0.000000 0.000000 0.000000 0.000000 0.000000 0.000000 
0.000000 0.000000 0.000000 0.000000 0.000000 0.000000 0.000000 0.000000 0.000000 0.000000 0.000000 0.000000 0.000000 0.000000 0.000000 0.000000 0.000000 0.000000 0.000000 0.000000 0.000000 
0.000000 0.000000 0.000000 0.000000 0.000000 0.000000 0.000000 0.000000 0.000000 0.000000 0.000000 0.000000 0.000000 0.000000 0.000000 0.000000 0.000000 0.000000 0.000000 0.000000 0.000000 
0.000000 0.000000 0.000000 0.000000 0.000000 0.000000 0.000000 0.000000 0.000000 0.000000 0.000000 0.000000 0.000000 0.000000 0.000000 0.000000 0.000000 0.000000 0.000000 0.000000 0.000000 
0.000000 0.000000 0.000000 0.000000 0.000000 0.000000 0.000000 0.000000 0.000000 0.000000 0.000000 0.000000 0.000000 0.000000 0.000000 0.000000 0.000000 0.000000 0.000000 0.000000 0.000000 
0.000000 0.000000 0.000000 0.000000 0.000000 0.000000 0.000000 0.000000 0.000000 0.000000 0.000000 0.000000 0.000000 0.000000 0.000000 0.000000 0.000000 0.000000 0.000000 0.000000 0.000000 
0.000000 0.000000 0.000000 0.000000 0.000000 0.000000 0.000000 0.000000 0.000000 0.000000 0.000000 0.000000 0.000000 0.000000 0.000000 0.000000 0.000000 0.000000 0.000000 0.000000 0.000000 
