21 12
0.033824 0.033824 0.000000 0.034027 0.034027 0.000000 0.033832 0.033832 0.000000 0.033078 0.033078 0.000000 0.032022 0.032022 0.000000 0.031035 0.031035 0.000000 0.030700 0.030700 0.000000 0.030177 0.030177 0.000000 0.029707 0.029707 0.000000 0.029035 0.029035 0.000000 0.028118 0.028118 0.000000 0.028438 0.028438 0.000000 0.027782 0.027782 0.000000 0.029046 0.029046 0.000000 0.029788 0.029788 0.000000 0.031294 0.031294 0.000000 0.028889 0.028889 0.000000 0.026735 0.026735 0.000000 0.024457 0.024457 0.000000 0.025265 0.025265 0.000000 0.025482 0.025482 0.000000 
0.033512 0.033512 0.000000 0.033928 0.033928 0.000000 0.034319 0.034319 0.000000 0.034071 0.034071 0.000000 0.033075 0.033075 0.000000 0.031887 0.031887 0.000000 0.030480 0.030480 0.000000 0.030188 0.030188 0.000000 0.030321 0.030321 0.000000 0.029244 0.029244 0.000000 0.028361 0.028361 0.000000 0.026637 0.026637 0.000000 0.030405 0.030405 0.000000 0.025148 0.025148 0.000000 0.031995 0.031995 0.000000 0.031996 0.031996 0.000000 0.029450 0.029450 0.000000 0.020302 0.020302 0.000000 0.025611 0.025611 0.000000 0.025696 0.025696 0.000000 0.026152 0.026152 0.000000 
0.032772 0.032772 0.000000 0.033286 0.033286 0.000000 0.034253 0.034253 0.000000 0.035758 0.035758 0.000000 0.035137 0.035137 0.000000 0.033903 0.033903 0.000000 0.031059 0.031059 0.000000 0.030177 0.030177 0.000000 0.029132 0.029132 0.000000 0.032491 0.032491 0.000000 0.026350 0.026350 0.000000 0.027104 0.027104 0.000000 0.028363 0.028363 0.000000 0.031274 0.031274 0.000000 0.027103 0.027103 0.000000 0.031334 0.031334 0.000000 0.030082 0.030082 0.000000 0.029004 0.029004 0.000000 0.025147 0.025147 0.000000 0.027413 0.027413 0.000000 0.027653 0.027653 0.000000 
0.031724 0.031724 0.000000 0.032046 0.032046 0.000000 0.032385 0.032385 0.000000 0.034608 0.034608 0.000000 0.039465 0.039465 0.000000 0.034246 0.034246 0.000000 0.032491 0.032491 0.000000 0.030405 0.030405 0.000000 0.028364 0.028364 0.000000 0.024070 0.024070 0.000000 0.020015 0.020015 0.000000 0.027104 0.027104 0.000000 0.026155 0.026155 0.000000 0.025659 0.025659 0.000000 0.028915 0.028915 0.000000 0.029138 0.029138 0.000000 0.028586 0.028586 0.000000 0.026637 0.026637 0.000000 0.028805 0.028805 0.000000 0.029606 0.029606 0.000000 0.030723 0.030723 0.000000 
0.030776 0.030776 0.000000 0.030639 0.030639 0.000000 0.030617 0.030617 0.000000 0.027103 0.027103 0.000000 0.034331 0.034331 0.000000 0.034900 0.034900 0.000000 0.031631 0.031631 0.000000 0.026156 0.026156 0.000000 0.028723 0.028723 0.000000 0.026839 0.026839 0.000000 0.021660 0.021660 0.000000 0.025659 0.025659 0.000000 0.029167 0.029167 0.000000 0.025148 0.025148 0.000000 0.024694 0.024694 0.000000 0.026156 0.026156 0.000000 0.021048 0.021048 0.000000 0.027269 0.027269 0.000000 0.028723 0.028723 0.000000 0.034332 0.034332 0.000000 0.032011 0.032011 0.000000 
0.030328 0.030328 0.000000 0.030011 0.030011 0.000000 0.029380 0.029380 0.000000 0.030405 0.030405 0.000000 0.033129 0.033129 0.000000 0.031631 0.031631 0.000000 0.027407 0.027407 0.000000 0.027997 0.027997 0.000000 0.023501 0.023501 0.000000 0.027331 0.027331 0.000000 0.025588 0.025588 0.000000 0.028509 0.028509 0.000000 0.028841 0.028841 0.000000 0.024437 0.024437 0.000000 0.036288 0.036288 0.000000 0.025909 0.025909 0.000000 0.024069 0.024069 0.000000 0.022299 0.022299 0.000000 0.031690 0.031690 0.000000 0.031733 0.031733 0.000000 0.033086 0.033086 0.000000 
0.030328 0.030328 0.000000 0.030011 0.030011 0.000000 0.029380 0.029380 0.000000 0.030405 0.030405 0.000000 0.033129 0.033129 0.000000 0.031631 0.031631 0.000000 0.027407 0.027407 0.000000 0.027997 0.027997 0.000000 0.023501 0.023501 0.000000 0.027331 0.027331 0.000000 0.025588 0.025588 0.000000 0.028509 0.028509 0.000000 0.028841 0.028841 0.000000 0.024437 0.024437 0.000000 0.036288 0.036288 0.000000 0.025909 0.025909 0.000000 0.024069 0.024069 0.000000 0.022299 0.022299 0.000000 0.031690 0.031690 0.000000 0.031733 0.031733 0.000000 0.033086 0.033086 0.000000 
0.030776 0.030776 0.000000 0.030639 0.030639 0.000000 0.030617 0.030617 0.000000 0.027103 0.027103 0.000000 0.034331 0.034331 0.000000 0.034900 0.034900 0.000000 0.031631 0.031631 0.000000 0.026156 0.026156 0.000000 0.028723 0.028723 0.000000 0.026839 0.026839 0.000000 0.021660 0.021660 0.000000 0.025659 0.025659 0.000000 0.029167 0.029167 0.000000 0.025148 0.025148 0.000000 0.024694 0.024694 0.000000 0.026156 0.026156 0.000000 0.021048 0.021048 0.000000 0.027269 0.027269 0.000000 0.028723 0.028723 0.000000 0.034332 0.034332 0.000000 0.032011 0.032011 0.000000 
0.031724 0.031724 0.000000 0.032046 0.032046 0.000000 0.032385 0.032385 0.000000 0.034608 0.034608 0.000000 0.039465 0.039465 0.000000 0.034246 0.034246 0.000000 0.032491 0.032491 0.000000 0.030405 0.030405 0.000000 0.028364 0.028364 0.000000 0.024070 0.024070 0.000000 0.020015 0.020015 0.000000 0.027104 0.027104 0.000000 0.026155 0.026155 0.000000 0.025659 0.025659 0.000000 0.028915 0.028915 0.000000 0.029138 0.029138 0.000000 0.028586 0.028586 0.000000 0.026637 0.026637 0.000000 0.028805 0.028805 0.000000 0.029606 0.029606 0.000000 0.030723 0.030723 0.000000 
0.032772 0.032772 0.000000 0.033286 0.033286 0.000000 0.034253 0.034253 0.000000 0.035758 0.035758 0.000000 0.035137 0.035137 0.000000 0.033903 0.033903 0.000000 0.031059 0.031059 0.000000 0.030177 0.030177 0.000000 0.029132 0.029132 0.000000 0.032491 0.032491 0.000000 0.026350 0.026350 0.000000 0.027104 0.027104 0.000000 0.028363 0.028363 0.000000 0.031274 0.031274 0.000000 0.027103 0.027103 0.000000 0.031334 0.031334 0.000000 0.030082 0.030082 0.000000 0.029004 0.029004 0.000000 0.025147 0.025147 0.000000 0.027413 0.027413 0.000000 0.027653 0.027653 0.000000 
0.033512 0.033512 0.000000 0.033928 0.033928 0.000000 0.034319 0.034319 0.000000 0.034071 0.034071 0.000000 0.033075 0.033075 0.000000 0.031887 0.031887 0.000000 0.030480 0.030480 0.000000 0.030188 0.030188 0.000000 0.030321 0.030321 0.000000 0.029244 0.029244 0.000000 0.028361 0.028361 0.000000 0.026637 0.026637 0.000000 0.030405 0.030405 0.000000 0.025148 0.025148 0.000000 0.031995 0.031995 0.000000 0.031996 0.031996 0.000000 0.029450 0.029450 0.000000 0.020302 0.020302 0.000000 0.025611 0.025611 0.000000 0.025696 0.025696 0.000000 0.026152 0.026152 0.000000 
0.033824 0.033824 0.000000 0.034027 0.034027 0.000000 0.033832 0.033832 0.000000 0.033078 0.033078 0.000000 0.032022 0.032022 0.000000 0.031035 0.031035 0.000000 0.030700 0.030700 0.000000 0.030177 0.030177 0.000000 0.029707 0.029707 0.000000 0.029035 0.029035 0.000000 0.028118 0.028118 0.000000 0.028438 0.028438 0.000000 0.027782 0.027782 0.000000 0.029046 0.029046 0.000000 0.029788 0.029788 0.000000 0.031294 0.031294 0.000000 0.028889 0.028889 0.000000 0.026735 0.026735 0.000000 0.024457 0.024457 0.000000 0.025265 0.025265 0.000000 0.025482 0.025482 0.000000 
0.000000 0.000000 0.000000 0.000000 0.000000 0.000000 0.000000 0.000000 0.000000 0.000000 0.000000 0.000000 0.000000 0.000000 0.000000 0.000000 0.000000 0.000000 0.000000 0.000000 0.000000 
0.000000 0.000000 0.000000 0.000000 0.000000 0.000000 0.000000 0.000000 0.000000 0.000000 0.000000 0.000000 0.000000 0.000000 0.000000 0.000000 0.000000 0.000000 0.000000 0.000000 0.000000 
0.000000 0.000000 0.000000 0.000000 0.000000 0.000000 0.000000 0.000000 0.000000 0.000000 0.000000 0.000000 0.000000 0.000000 0.000000 0.000000 0.000000 0.000000 0.000000 0.000000 0.000000 
0.000000 0.000000 0.000000 0.000000 0.000000 0.000000 0.000000 0.000000 0.000000 0.000000 0.000000 0.000000 0.000000 0.000000 0.000000 0.000000 0.000000 0.000000 0.000000 0.000000 0.000000 
0.000000 0.000000 0.000000 0.000000 0.000000 0.000000 0.000000 0.000000 0.000000 0.000000 0.000000 0.000000 0.000000 0.000000 0.000000 0.000000 0.000000 0.000000 0.000000 0.000000 0.000000 
0.000000 0.000000 0.000000 0.000000 0.000000 0.000000 0.000000 0.000000 0.000000 0.000000 0.000000 0.000000 0.000000 0.000000 0.000000 0.000000 0.000000 0.000000 0.000000 0.000000 0.000000 
0.000000 0.000000 0.000000 0.000000 0.000000 0.000000 0.000000 0.000000 0.000000 0.000000 0.000000 0.000000 0.000000 0.000000 0.000000 0.000000 0.000000 0.000000 0.000000 0.000000 0.000000 
0.000000 0.000000 0.000000 0.000000 0.000000 0.000000 0.000000 0.000000 0.000000 0.000000 0.000000 0.000000 0.000000 0.000000 0.000000 0.000000 0.000000 0.000000 0.000000 0.000000 0.000000 
0.000000 0.000000 0.000000 0.000000 0.000000 0.000000 0.000000 0.000000 0.000000 0.000000 0.000000 0.000000 0.000000 0.000000 0.000000 0.000000 0.000000 0.000000 0.000000 0.000000 0.000000 
0.000000 0.000000 0.000000 0.000000 0.000000 0.000000 0.000000 0.000000 0.000000 0.000000 0.000000 0.000000 0.000000 0.000000 0.000000 0.000000 0.000000 0.000000 0.000000 0.000000 0.000000 
0.000000 0.000000 0.000000 0.000000 0.000000 0.000000 0.000000 0.000000 0.000000 0.000000 0.000000 0.000000 0.000000 0.000000 0.000000 0.000000 0.000000 0.000000 0.000000 0.000000 0.000000 
0.000000 0.000000 0.000000 0.000000 0.000000 0.000000 0.000000 0.000000 0.000000 0.000000 0.000000 0.000000 0.000000 0.000000 0.000000 0.000000 0.000000 0.000000 0.000000 0.000000 0.000000 
