21 12
0.037399 0.037399 0.008720 0.037354 0.037354 0.008720 0.037187 0.037187 0.008720 0.036924 0.036924 0.008720 0.036622 0.036622 0.008720 0.036270 0.036270 0.008720 0.035834 0.035834 0.008720 0.034693 0.034693 0.008720 0.033203 0.033203 0.008720 0.031515 0.031515 0.008720 0.031502 0.031502 0.008720 0.032476 0.032476 0.008720 0.034193 0.034193 0.008720 0.033086 0.033086 0.008720 0.031582 0.031582 0.008720 0.029212 0.029212 0.008720 0.029339 0.029339 0.008720 0.029564 0.029564 0.008720 0.031292 0.031292 0.008720 0.031483 0.031483 0.008720 0.030888 0.030888 0.008720 
0.037372 0.037372 0.008720 0.037470 0.037470 0.008720 0.037405 0.037405 0.008720 0.037228 0.037228 0.008720 0.036917 0.036917 0.008720 0.036674 0.036674 0.008720 0.036293 0.036293 0.008720 0.035624 0.035624 0.008720 0.033482 0.033482 0.008720 0.031936 0.031936 0.008720 0.028881 0.028881 0.008720 0.033435 0.033435 0.008720 0.035515 0.035515 0.008720 0.035197 0.035197 0.008720 0.025383 0.025383 0.010154 0.028888 0.028888 0.012705 0.027096 0.027096 0.010154 0.031387 0.031387 0.008720 0.032800 0.032800 0.008720 0.030277 0.030277 0.008720 0.030971 0.030971 0.008720 
0.037097 0.037097 0.008720 0.037562 0.037562 0.008720 0.037721 0.037721 0.008720 0.037736 0.037736 0.008720 0.037616 0.037616 0.008720 0.037086 0.037086 0.008720 0.036635 0.036635 0.008720 0.036604 0.036604 0.008720 0.035618 0.035618 0.008720 0.028881 0.028881 0.008720 0.033530 0.033530 0.008720 0.031954 0.031954 0.008720 0.036441 0.036441 0.008720 0.037816 0.037816 0.009998 0.032831 0.032831 0.017716 0.026467 0.026467 0.020394 0.024383 0.024383 0.017716 0.040870 0.040870 0.009998 0.025083 0.025083 0.008720 0.031135 0.031135 0.008720 0.031181 0.031181 0.008720 
0.036219 0.036219 0.008720 0.037114 0.037114 0.008720 0.037999 0.037999 0.008720 0.037912 0.037912 0.008720 0.038468 0.038468 0.008720 0.038186 0.038186 0.008720 0.037180 0.037180 0.008720 0.036107 0.036107 0.008720 0.038012 0.038012 0.008720 0.038179 0.038179 0.008720 0.025083 0.025083 0.008720 0.027069 0.027069 0.008720 0.034347 0.034347 0.008720 0.024078 0.024078 0.015639 0.022607 0.022607 0.023794 0.023598 0.023598 0.026882 0.035785 0.035785 0.023794 0.025422 0.025422 0.015639 0.033530 0.033530 0.008720 0.032093 0.032093 0.008720 0.031268 0.031268 0.008720 
0.034374 0.034374 0.008720 0.035673 0.035673 0.008720 0.036986 0.036986 0.008720 0.039295 0.039295 0.008720 0.036137 0.036137 0.008720 0.041977 0.041977 0.008720 0.038455 0.038455 0.008720 0.031335 0.031335 0.008720 0.035891 0.035891 0.008720 0.032461 0.032461 0.008720 0.030867 0.030867 0.008720 0.024555 0.024555 0.008720 0.036441 0.036441 0.008720 0.028820 0.028820 0.019507 0.027451 0.027451 0.028475 0.023753 0.023753 0.031700 0.019004 0.019004 0.028475 0.034543 0.034543 0.019507 0.035891 0.035891 0.008720 0.030549 0.030549 0.008720 0.034874 0.034874 0.008720 
0.032883 0.032883 0.008720 0.031334 0.031334 0.008720 0.035772 0.035772 0.008720 0.039563 0.039563 0.008720 0.042503 0.042503 0.008720 0.045307 0.045307 0.008720 0.045776 0.045776 0.008720 0.052619 0.052619 0.008720 0.031334 0.031334 0.008720 0.017652 0.017652 0.008720 0.032093 0.032093 0.008720 0.008447 0.008447 0.008720 0.030388 0.030388 0.008720 0.008042 0.008042 0.021518 0.023746 0.023746 0.031302 0.015031 0.015031 0.031700 0.028645 0.028645 0.031302 0.027645 0.027645 0.021518 0.039314 0.039314 0.008720 0.040540 0.040540 0.008720 0.037711 0.037711 0.008720 
0.032883 0.032883 0.008720 0.031334 0.031334 0.008720 0.035772 0.035772 0.008720 0.039563 0.039563 0.008720 0.042503 0.042503 0.008720 0.045307 0.045307 0.008720 0.045776 0.045776 0.008720 0.052619 0.052619 0.008720 0.031334 0.031334 0.008720 0.017652 0.017652 0.008720 0.032093 0.032093 0.008720 0.008447 0.008447 0.008720 0.030388 0.030388 0.008720 0.008042 0.008042 0.021518 0.023746 0.023746 0.031302 0.015031 0.015031 0.031700 0.028645 0.028645 0.031302 0.027645 0.027645 0.021518 0.039314 0.039314 0.008720 0.040540 0.040540 0.008720 0.037711 0.037711 0.008720 
0.034374 0.034374 0.008720 0.035673 0.035673 0.008720 0.036986 0.036986 0.008720 0.039295 0.039295 0.008720 0.036137 0.036137 0.008720 0.041977 0.041977 0.008720 0.038455 0.038455 0.008720 0.031335 0.031335 0.008720 0.035891 0.035891 0.008720 0.032461 0.032461 0.008720 0.030867 0.030867 0.008720 0.024555 0.024555 0.008720 0.036441 0.036441 0.008720 0.028820 0.028820 0.019507 0.027451 0.027451 0.028475 0.023753 0.023753 0.031700 0.019004 0.019004 0.028475 0.034543 0.034543 0.019507 0.035891 0.035891 0.008720 0.030549 0.030549 0.008720 0.034874 0.034874 0.008720 
0.036219 0.036219 0.008720 0.037114 0.037114 0.008720 0.037999 0.037999 0.008720 0.037912 0.037912 0.008720 0.038468 0.038468 0.008720 0.038186 0.038186 0.008720 0.037180 0.037180 0.008720 0.036107 0.036107 0.008720 0.038012 0.038012 0.008720 0.038179 0.038179 0.008720 0.025083 0.025083 0.008720 0.027069 0.027069 0.008720 0.034347 0.034347 0.008720 0.024078 0.024078 0.015639 0.022607 0.022607 0.023794 0.023598 0.023598 0.026882 0.035785 0.035785 0.023794 0.025422 0.025422 0.015639 0.033530 0.033530 0.008720 0.032093 0.032093 0.008720 0.031268 0.031268 0.008720 
0.037097 0.037097 0.008720 0.037562 0.037562 0.008720 0.037721 0.037721 0.008720 0.037736 0.037736 0.008720 0.037616 0.037616 0.008720 0.037086 0.037086 0.008720 0.036635 0.036635 0.008720 0.036604 0.036604 0.008720 0.035618 0.035618 0.008720 0.028881 0.028881 0.008720 0.033530 0.033530 0.008720 0.031954 0.031954 0.008720 0.036441 0.036441 0.008720 0.037816 0.037816 0.009998 0.032831 0.032831 0.017716 0.026467 0.026467 0.020394 0.024383 0.024383 0.017716 0.040870 0.040870 0.009998 0.025083 0.025083 0.008720 0.031135 0.031135 0.008720 0.031181 0.031181 0.008720 
0.037372 0.037372 0.008720 0.037470 0.037470 0.008720 0.037405 0.037405 0.008720 0.037228 0.037228 0.008720 0.036917 0.036917 0.008720 0.036674 0.036674 0.008720 0.036293 0.036293 0.008720 0.035624 0.035624 0.008720 0.033482 0.033482 0.008720 0.031936 0.031936 0.008720 0.028881 0.028881 0.008720 0.033435 0.033435 0.008720 0.035515 0.035515 0.008720 0.035197 0.035197 0.008720 0.025383 0.025383 0.010154 0.028888 0.028888 0.012705 0.027096 0.027096 0.010154 0.031387 0.031387 0.008720 0.032800 0.032800 0.008720 0.030277 0.030277 0.008720 0.030971 0.030971 0.008720 
0.037399 0.037399 0.008720 0.037354 0.037354 0.008720 0.037187 0.037187 0.008720 0.036924 0.036924 0.008720 0.036622 0.036622 0.008720 0.036270 0.036270 0.008720 0.035834 0.035834 0.008720 0.034693 0.034693 0.008720 0.033203 0.033203 0.008720 0.031515 0.031515 0.008720 0.031502 0.031502 0.008720 0.032476 0.032476 0.008720 0.034193 0.034193 0.008720 0.033086 0.033086 0.008720 0.031582 0.031582 0.008720 0.029212 0.029212 0.008720 0.029339 0.029339 0.008720 0.029564 0.029564 0.008720 0.031292 0.031292 0.008720 0.031483 0.031483 0.008720 0.030888 0.030888 0.008720 
0.000000 0.000000 0.000000 0.000000 0.000000 0.000000 0.000000 0.000000 0.000000 0.000000 0.000000 0.000000 0.000000 0.000000 0.000000 0.000000 0.000000 0.000000 0.000000 0.000000 0.000000 
0.000000 0.000000 0.000000 0.000000 0.000000 0.000000 0.000000 0.000000 0.000000 0.000000 0.000000 0.000000 0.000000 0.000000 0.000000 0.000000 0.000000 0.000000 0.000000 0.000000 0.000000 
0.000000 0.000000 0.000000 0.000000 0.000000 0.000000 0.000000 0.000000 0.000000 0.000000 0.000000 0.000000 0.000000 0.000000 0.000000 0.000000 0.000000 0.000000 0.000000 0.000000 0.000000 
0.000000 0.000000 0.000000 0.000000 0.000000 0.000000 0.000000 0.000000 0.000000 0.000000 0.000000 0.000000 0.000000 0.000000 0.000000 0.000000 0.000000 0.000000 0.000000 0.000000 0.000000 
0.000000 0.000000 0.000000 0.000000 0.000000 0.000000 0.000000 0.000000 0.000000 0.000000 0.000000 0.000000 0.000000 0.000000 0.000000 0.000000 0.000000 0.000000 0.000000 0.000000 0.000000 
0.000000 0.000000 0.000000 0.000000 0.000000 0.000000 0.000000 0.000000 0.000000 0.000000 0.000000 0.000000 0.000000 0.000000 0.000000 0.000000 0.000000 0.000000 0.000000 0.000000 0.000000 
0.000000 0.000000 0.000000 0.000000 0.000000 0.000000 0.000000 0.000000 0.000000 0.000000 0.000000 0.000000 0.000000 0.000000 0.000000 0.000000 0.000000 0.000000 0.000000 0.000000 0.000000 
0.000000 0.000000 0.000000 0.000000 0.000000 0.000000 0.000000 0.000000 0.000000 0.000000 0.000000 0.000000 0.000000 0.000000 0.000000 0.000000 0.000000 0.000000 0.000000 0.000000 0.000000 
0.000000 0.000000 0.000000 0.000000 0.000000 0.000000 0.000000 0.000000 0.000000 0.000000 0.000000 0.000000 0.000000 0.000000 0.000000 0.000000 0.000000 0.000000 0.000000 0.000000 0.000000 
0.000000 0.000000 0.000000 0.000000 0.000000 0.000000 0.000000 0.000000 0.000000 0.000000 0.000000 0.000000 0.000000 0.000000 0.000000 0.000000 0.000000 0.000000 0.000000 0.000000 0.000000 
0.000000 0.000000 0.000000 0.000000 0.000000 0.000000 0.000000 0.000000 0.000000 0.000000 0.000000 0.000000 0.000000 0.000000 0.000000 0.000000 0.000000 0.000000 0.000000 0.000000 0.000000 
0.000000 0.000000 0.000000 0.000000 0.000000 0.000000 0.000000 0.000000 0.000000 0.000000 0.000000 0.000000 0.000000 0.000000 0.000000 0.000000 0.000000 0.000000 0.000000 0.000000 0.000000 
