21 12
0.049763 0.049763 0.000000 0.049583 0.049583 0.000000 0.049268 0.049268 0.000000 0.048733 0.048733 0.000000 0.047927 0.047927 0.000000 0.046552 0.046552 0.000000 0.045197 0.045197 0.000000 0.042278 0.042278 0.000000 0.039120 0.039120 0.000000 0.036351 0.036351 0.000000 0.034788 0.034788 0.000000 0.035089 0.035089 0.000000 0.037559 0.037559 0.000000 0.040749 0.040749 0.000000 0.043094 0.043094 0.000000 0.043809 0.043809 0.000000 0.043229 0.043229 0.000000 0.041718 0.041718 0.000000 0.040636 0.040636 0.000000 0.039597 0.039597 0.000000 0.038850 0.038850 0.000000 
0.049898 0.049898 0.000000 0.049806 0.049806 0.000000 0.049670 0.049670 0.000000 0.049391 0.049391 0.000000 0.048855 0.048855 0.000000 0.048307 0.048307 0.000000 0.046028 0.046028 0.000000 0.043665 0.043665 0.000000 0.039484 0.039484 0.000000 0.036052 0.036052 0.000000 0.034708 0.034708 0.000000 0.033530 0.033530 0.000000 0.037162 0.037162 0.000000 0.043127 0.043127 0.000000 0.044185 0.044185 0.000000 0.044131 0.044131 0.000000 0.041661 0.041661 0.000000 0.040150 0.040150 0.000000 0.039995 0.039995 0.000000 0.038076 0.038076 0.000000 0.038383 0.038383 0.000000 
0.050089 0.050089 0.000000 0.050110 0.050110 0.000000 0.050163 0.050163 0.000000 0.050354 0.050354 0.000000 0.050326 0.050326 0.000000 0.050020 0.050020 0.000000 0.048676 0.048676 0.000000 0.045432 0.045432 0.000000 0.039563 0.039563 0.000000 0.035292 0.035292 0.000000 0.034197 0.034197 0.000000 0.035736 0.035736 0.000000 0.039782 0.039782 0.000000 0.038996 0.038996 0.000000 0.052619 0.052619 0.000000 0.038766 0.038766 0.000000 0.037328 0.037328 0.000000 0.043322 0.043322 0.000000 0.033530 0.033530 0.000000 0.037416 0.037416 0.000000 0.037746 0.037746 0.000000 
0.050195 0.050195 0.000000 0.050241 0.050241 0.000000 0.050360 0.050360 0.000000 0.050530 0.050530 0.000000 0.051611 0.051611 0.000000 0.051209 0.051209 0.000000 0.053436 0.053436 0.000000 0.046187 0.046187 0.000000 0.039163 0.039163 0.000000 0.035679 0.035679 0.000000 0.031368 0.031368 0.000000 0.035891 0.035891 0.000000 0.038451 0.038451 0.000000 0.045776 0.045776 0.000000 0.039782 0.039782 0.000000 0.026099 0.026099 0.000000 0.045776 0.045776 0.000000 0.038099 0.038099 0.000000 0.037883 0.037883 0.000000 0.037741 0.037741 0.000000 0.038597 0.038597 0.000000 
0.050207 0.050207 0.000000 0.050219 0.050219 0.000000 0.050223 0.050223 0.000000 0.050333 0.050333 0.000000 0.049805 0.049805 0.000000 0.054981 0.054981 0.000000 0.046644 0.046644 0.000000 0.038996 0.038996 0.000000 0.049315 0.049315 0.000000 0.026099 0.026099 0.000000 0.026099 0.026099 0.000000 0.035243 0.035243 0.000000 0.038826 0.038826 0.000000 0.031793 0.031793 0.000000 0.041978 0.041978 0.000000 0.030144 0.030144 0.000000 0.028881 0.028881 0.000000 0.034546 0.034546 0.000000 0.038455 0.038455 0.000000 0.040495 0.040495 0.000000 0.040088 0.040088 0.000000 
0.050196 0.050196 0.000000 0.050172 0.050172 0.000000 0.050120 0.050120 0.000000 0.049905 0.049905 0.000000 0.049956 0.049956 0.000000 0.040540 0.040540 0.000000 0.037329 0.037329 0.000000 0.047970 0.047970 0.000000 0.044585 0.044585 0.000000 0.030548 0.030548 0.000000 0.031905 0.031905 0.000000 0.043321 0.043321 0.000000 0.041977 0.041977 0.000000 0.033530 0.033530 0.000000 0.038995 0.038995 0.000000 0.032093 0.032093 0.000000 0.022888 0.022888 0.000000 0.032093 0.032093 0.000000 0.043322 0.043322 0.000000 0.041823 0.041823 0.000000 0.041169 0.041169 0.000000 
0.050196 0.050196 0.000000 0.050172 0.050172 0.000000 0.050120 0.050120 0.000000 0.049905 0.049905 0.000000 0.049956 0.049956 0.000000 0.040540 0.040540 0.000000 0.037329 0.037329 0.000000 0.047970 0.047970 0.000000 0.044585 0.044585 0.000000 0.030548 0.030548 0.000000 0.031905 0.031905 0.000000 0.043321 0.043321 0.000000 0.041977 0.041977 0.000000 0.033530 0.033530 0.000000 0.038995 0.038995 0.000000 0.032093 0.032093 0.000000 0.022888 0.022888 0.000000 0.032093 0.032093 0.000000 0.043322 0.043322 0.000000 0.041823 0.041823 0.000000 0.041169 0.041169 0.000000 
0.050207 0.050207 0.000000 0.050219 0.050219 0.000000 0.050223 0.050223 0.000000 0.050333 0.050333 0.000000 0.049805 0.049805 0.000000 0.054981 0.054981 0.000000 0.046644 0.046644 0.000000 0.038996 0.038996 0.000000 0.049315 0.049315 0.000000 0.026099 0.026099 0.000000 0.026099 0.026099 0.000000 0.035243 0.035243 0.000000 0.038826 0.038826 0.000000 0.031793 0.031793 0.000000 0.041978 0.041978 0.000000 0.030144 0.030144 0.000000 0.028881 0.028881 0.000000 0.034546 0.034546 0.000000 0.038455 0.038455 0.000000 0.040495 0.040495 0.000000 0.040088 0.040088 0.000000 
0.050195 0.050195 0.000000 0.050241 0.050241 0.000000 0.050360 0.050360 0.000000 0.050530 0.050530 0.000000 0.051611 0.051611 0.000000 0.051209 0.051209 0.000000 0.053436 0.053436 0.000000 0.046187 0.046187 0.000000 0.039163 0.039163 0.000000 0.035679 0.035679 0.000000 0.031368 0.031368 0.000000 0.035891 0.035891 0.000000 0.038451 0.038451 0.000000 0.045776 0.045776 0.000000 0.039782 0.039782 0.000000 0.026099 0.026099 0.000000 0.045776 0.045776 0.000000 0.038099 0.038099 0.000000 0.037883 0.037883 0.000000 0.037741 0.037741 0.000000 0.038597 0.038597 0.000000 
0.050089 0.050089 0.000000 0.050110 0.050110 0.000000 0.050163 0.050163 0.000000 0.050354 0.050354 0.000000 0.050326 0.050326 0.000000 0.050020 0.050020 0.000000 0.048676 0.048676 0.000000 0.045432 0.045432 0.000000 0.039563 0.039563 0.000000 0.035292 0.035292 0.000000 0.034197 0.034197 0.000000 0.035736 0.035736 0.000000 0.039782 0.039782 0.000000 0.038996 0.038996 0.000000 0.052619 0.052619 0.000000 0.038766 0.038766 0.000000 0.037328 0.037328 0.000000 0.043322 0.043322 0.000000 0.033530 0.033530 0.000000 0.037416 0.037416 0.000000 0.037746 0.037746 0.000000 
0.049898 0.049898 0.000000 0.049806 0.049806 0.000000 0.049670 0.049670 0.000000 0.049391 0.049391 0.000000 0.048855 0.048855 0.000000 0.048307 0.048307 0.000000 0.046028 0.046028 0.000000 0.043665 0.043665 0.000000 0.039484 0.039484 0.000000 0.036052 0.036052 0.000000 0.034708 0.034708 0.000000 0.033530 0.033530 0.000000 0.037162 0.037162 0.000000 0.043127 0.043127 0.000000 0.044185 0.044185 0.000000 0.044131 0.044131 0.000000 0.041661 0.041661 0.000000 0.040150 0.040150 0.000000 0.039995 0.039995 0.000000 0.038076 0.038076 0.000000 0.038383 0.038383 0.000000 
0.049763 0.049763 0.000000 0.049583 0.049583 0.000000 0.049268 0.049268 0.000000 0.048733 0.048733 0.000000 0.047927 0.047927 0.000000 0.046552 0.046552 0.000000 0.045197 0.045197 0.000000 0.042278 0.042278 0.000000 0.039120 0.039120 0.000000 0.036351 0.036351 0.000000 0.034788 0.034788 0.000000 0.035089 0.035089 0.000000 0.037559 0.037559 0.000000 0.040749 0.040749 0.000000 0.043094 0.043094 0.000000 0.043809 0.043809 0.000000 0.043229 0.043229 0.000000 0.041718 0.041718 0.000000 0.040636 0.040636 0.000000 0.039597 0.039597 0.000000 0.038850 0.038850 0.000000 
0.000000 0.000000 0.000000 0.000000 0.000000 0.000000 0.000000 0.000000 0.000000 0.000000 0.000000 0.000000 0.000000 0.000000 0.000000 0.000000 0.000000 0.000000 0.000000 0.000000 0.000000 
0.000000 0.000000 0.000000 0.000000 0.000000 0.000000 0.000000 0.000000 0.000000 0.000000 0.000000 0.000000 0.000000 0.000000 0.000000 0.000000 0.000000 0.000000 0.000000 0.000000 0.000000 
0.000000 0.000000 0.000000 0.000000 0.000000 0.000000 0.000000 0.000000 0.000000 0.000000 0.000000 0.000000 0.000000 0.000000 0.000000 0.000000 0.000000 0.000000 0.000000 0.000000 0.000000 
0.000000 0.000000 0.000000 0.000000 0.000000 0.000000 0.000000 0.000000 0.000000 0.000000 0.000000 0.000000 0.000000 0.000000 0.000000 0.000000 0.000000 0.000000 0.000000 0.000000 0.000000 
0.000000 0.000000 0.000000 0.000000 0.000000 0.000000 0.000000 0.000000 0.000000 0.000000 0.000000 0.000000 0.000000 0.000000 0.000000 0.000000 0.000000 0.000000 0.000000 0.000000 0.000000 
0.000000 0.000000 0.000000 0.000000 0.000000 0.000000 0.000000 0.000000 0.000000 0.000000 0.000000 0.000000 0.000000 0.000000 0.000000 0.000000 0.000000 0.000000 0.000000 0.000000 0.000000 
0.000000 0.000000 0.000000 0.000000 0.000000 0.000000 0.000000 0.000000 0.000000 0.000000 0.000000 0.000000 0.000000 0.000000 0.000000 0.000000 0.000000 0.000000 0.000000 0.000000 0.000000 
0.000000 0.000000 0.000000 0.000000 0.000000 0.000000 0.000000 0.000000 0.000000 0.000000 0.000000 0.000000 0.000000 0.000000 0.000000 0.000000 0.000000 0.000000 0.000000 0.000000 0.000000 
0.000000 0.000000 0.000000 0.000000 0.000000 0.000000 0.000000 0.000000 0.000000 0.000000 0.000000 0.000000 0.000000 0.000000 0.000000 0.000000 0.000000 0.000000 0.000000 0.000000 0.000000 
0.000000 0.000000 0.000000 0.000000 0.000000 0.000000 0.000000 0.000000 0.000000 0.000000 0.000000 0.000000 0.000000 0.000000 0.000000 0.000000 0.000000 0.000000 0.000000 0.000000 0.000000 
0.000000 0.000000 0.000000 0.000000 0.000000 0.000000 0.000000 0.000000 0.000000 0.000000 0.000000 0.000000 0.000000 0.000000 0.000000 0.000000 0.000000 0.000000 0.000000 0.000000 0.000000 
0.000000 0.000000 0.000000 0.000000 0.000000 0.000000 0.000000 0.000000 0.000000 0.000000 0.000000 0.000000 0.000000 0.000000 0.000000 0.000000 0.000000 0.000000 0.000000 0.000000 0.000000 
