21 12
0.044509 0.041891 0.021907 0.042596 0.043564 0.021907 0.040374 0.044178 0.021907 0.043661 0.037372 0.021907 0.033953 0.042555 0.021907 0.032239 0.039891 0.021907 0.033517 0.037233 0.021907 0.033179 0.036637 0.021907 0.031603 0.041001 0.021907 0.032091 0.044038 0.021907 0.044686 0.033537 0.021907 0.041828 0.036799 0.021907 0.040024 0.039127 0.021907 0.038153 0.045125 0.021907 0.034343 0.047783 0.021907 0.033740 0.045842 0.021907 0.031776 0.041114 0.021907 0.034326 0.038105 0.021907 0.030135 0.042414 0.021907 0.028487 0.043647 0.021907 0.028374 0.043684 0.021907 
0.046232 0.040040 0.021907 0.044697 0.042068 0.021907 0.042694 0.044424 0.021907 0.044334 0.040939 0.021907 0.036995 0.043865 0.021907 0.032396 0.043679 0.021907 0.038605 0.030648 0.021907 0.033207 0.034124 0.021907 0.029213 0.040689 0.021907 0.044786 0.031537 0.021907 0.045676 0.033763 0.021907 0.043563 0.035277 0.021907 0.033378 0.044614 0.021907 0.041293 0.039787 0.021907 0.056061 0.037005 0.021907 0.048148 0.018911 0.021907 0.042178 0.028853 0.021907 0.029007 0.044329 0.021907 0.027066 0.044802 0.021907 0.028260 0.043722 0.021907 0.028517 0.043809 0.021907 
0.049008 0.036596 0.021907 0.048623 0.037929 0.021907 0.047045 0.041686 0.021907 0.044985 0.047581 0.021907 0.044248 0.044953 0.021907 0.038034 0.045874 0.021907 0.045867 0.027814 0.021907 0.036548 0.029812 0.021907 0.037370 0.020393 0.021907 0.049385 0.026972 0.021907 0.042475 0.044168 0.021907 0.031298 0.042932 0.021907 0.051042 0.023615 0.021907 0.055485 0.023143 0.021907 0.042925 0.038155 0.021907 0.049698 0.031382 0.021907 0.053998 0.023994 0.021907 0.053152 0.017879 0.021907 0.027022 0.043596 0.021907 0.028800 0.044057 0.021907 0.029240 0.044238 0.021907 
0.051038 0.033149 0.021907 0.051646 0.033211 0.021907 0.053051 0.032337 0.021907 0.048941 0.042230 0.021907 0.064954 0.040285 0.021907 0.038683 0.047049 0.021907 0.052074 0.022583 0.021907 0.048488 0.030558 0.021907 0.021137 0.024639 0.021907 0.038906 0.035751 0.021907 0.024717 0.040642 0.021907 0.027233 0.047424 0.021907 0.038448 0.022649 0.021907 0.038487 0.025698 0.021907 0.040726 0.032518 0.021907 0.050218 0.033736 0.021907 0.033181 0.028553 0.021907 0.033723 0.030462 0.021907 0.042853 0.030415 0.021907 0.030618 0.044896 0.021907 0.029872 0.046754 0.021907 
0.051798 0.030922 0.021907 0.052018 0.030468 0.021907 0.054311 0.028193 0.021907 0.062449 0.009826 0.021907 0.045978 0.045573 0.021907 0.049030 0.029598 0.021907 0.044688 0.036392 0.021907 0.026974 0.030788 0.021907 0.036589 0.028334 0.021907 0.045399 0.018786 0.021907 0.012691 0.045071 0.021907 0.043331 0.026418 0.021907 0.031421 0.047626 0.021907 0.037859 0.036798 0.021907 0.037163 0.020600 0.021907 0.032939 0.041717 0.021907 0.028510 0.027479 0.021907 0.033666 0.038116 0.021907 0.041674 0.034684 0.021907 0.051096 0.029983 0.021907 0.032562 0.046701 0.021907 
0.051836 0.030146 0.021907 0.051650 0.029821 0.021907 0.048977 0.031436 0.021907 0.055774 0.028180 0.021907 0.047732 0.034328 0.021907 0.035849 0.026821 0.021907 0.038414 0.037385 0.021907 0.021248 0.029743 0.021907 0.046013 0.029785 0.021907 0.044496 0.027779 0.021907 0.044887 0.034677 0.021907 0.043805 0.025944 0.021907 0.033770 0.035718 0.021907 0.042348 0.033675 0.021907 0.041327 0.041691 0.021907 0.039439 0.032343 0.021907 0.055146 0.021764 0.021907 0.031696 0.020503 0.021907 0.055020 0.027998 0.021907 0.043991 0.036965 0.021907 0.047544 0.033474 0.021907 
0.051836 0.030146 0.021907 0.051650 0.029821 0.021907 0.048977 0.031436 0.021907 0.055774 0.028180 0.021907 0.047732 0.034328 0.021907 0.035849 0.026821 0.021907 0.038414 0.037385 0.021907 0.021248 0.029743 0.021907 0.046013 0.029785 0.021907 0.044496 0.027779 0.021907 0.044887 0.034677 0.021907 0.043805 0.025944 0.021907 0.033770 0.035718 0.021907 0.042348 0.033675 0.021907 0.041327 0.041691 0.021907 0.039439 0.032343 0.021907 0.055146 0.021764 0.021907 0.031696 0.020503 0.021907 0.055020 0.027998 0.021907 0.043991 0.036965 0.021907 0.047544 0.033474 0.021907 
0.051798 0.030922 0.021907 0.052018 0.030468 0.021907 0.054311 0.028193 0.021907 0.062449 0.009826 0.021907 0.045978 0.045573 0.021907 0.049030 0.029598 0.021907 0.044688 0.036392 0.021907 0.026974 0.030788 0.021907 0.036589 0.028334 0.021907 0.045399 0.018786 0.021907 0.012691 0.045071 0.021907 0.043331 0.026418 0.021907 0.031421 0.047626 0.021907 0.037859 0.036798 0.021907 0.037163 0.020600 0.021907 0.032939 0.041717 0.021907 0.028510 0.027479 0.021907 0.033666 0.038116 0.021907 0.041674 0.034684 0.021907 0.051096 0.029983 0.021907 0.032562 0.046701 0.021907 
0.051038 0.033149 0.021907 0.051646 0.033211 0.021907 0.053051 0.032337 0.021907 0.048941 0.042230 0.021907 0.064954 0.040285 0.021907 0.038683 0.047049 0.021907 0.052074 0.022583 0.021907 0.048488 0.030558 0.021907 0.021137 0.024639 0.021907 0.038906 0.035751 0.021907 0.024717 0.040642 0.021907 0.027233 0.047424 0.021907 0.038448 0.022649 0.021907 0.038487 0.025698 0.021907 0.040726 0.032518 0.021907 0.050218 0.033736 0.021907 0.033181 0.028553 0.021907 0.033723 0.030462 0.021907 0.042853 0.030415 0.021907 0.030618 0.044896 0.021907 0.029872 0.046754 0.021907 
0.049008 0.036596 0.021907 0.048623 0.037929 0.021907 0.047045 0.041686 0.021907 0.044985 0.047581 0.021907 0.044248 0.044953 0.021907 0.038034 0.045874 0.021907 0.045867 0.027814 0.021907 0.036548 0.029812 0.021907 0.037370 0.020393 0.021907 0.049385 0.026972 0.021907 0.042475 0.044168 0.021907 0.031298 0.042932 0.021907 0.051042 0.023615 0.021907 0.055485 0.023143 0.021907 0.042925 0.038155 0.021907 0.049698 0.031382 0.021907 0.053998 0.023994 0.021907 0.053152 0.017879 0.021907 0.027022 0.043596 0.021907 0.028800 0.044057 0.021907 0.029240 0.044238 0.021907 
0.046232 0.040040 0.021907 0.044697 0.042068 0.021907 0.042694 0.044424 0.021907 0.044334 0.040939 0.021907 0.036995 0.043865 0.021907 0.032396 0.043679 0.021907 0.038605 0.030648 0.021907 0.033207 0.034124 0.021907 0.029213 0.040689 0.021907 0.044786 0.031537 0.021907 0.045676 0.033763 0.021907 0.043563 0.035277 0.021907 0.033378 0.044614 0.021907 0.041293 0.039787 0.021907 0.056061 0.037005 0.021907 0.048148 0.018911 0.021907 0.042178 0.028853 0.021907 0.029007 0.044329 0.021907 0.027066 0.044802 0.021907 0.028260 0.043722 0.021907 0.028517 0.043809 0.021907 
0.044509 0.041891 0.021907 0.042596 0.043564 0.021907 0.040374 0.044178 0.021907 0.043661 0.037372 0.021907 0.033953 0.042555 0.021907 0.032239 0.039891 0.021907 0.033517 0.037233 0.021907 0.033179 0.036637 0.021907 0.031603 0.041001 0.021907 0.032091 0.044038 0.021907 0.044686 0.033537 0.021907 0.041828 0.036799 0.021907 0.040024 0.039127 0.021907 0.038153 0.045125 0.021907 0.034343 0.047783 0.021907 0.033740 0.045842 0.021907 0.031776 0.041114 0.021907 0.034326 0.038105 0.021907 0.030135 0.042414 0.021907 0.028487 0.043647 0.021907 0.028374 0.043684 0.021907 
27.080004 0.000000 63.927433 153.927433 62.859063 60.637782 60.637782 144.293399 141.957123 142.096674 52.671006 53.149923 53.712536 59.566959 67.111875 63.208136 60.964712 54.446686 54.317184 50.559059 48.854016 
27.080004 23.336896 42.434703 153.927433 64.995804 62.943602 148.331963 145.565259 142.591111 51.183583 51.940998 54.888436 53.099250 58.832667 -23.965333 -14.266000 43.952000 58.423345 50.211023 47.148972 45.473497 
28.428188 25.731820 20.941972 -5.984065 76.204998 71.406028 149.092815 147.571111 53.006000 48.603750 128.467333 145.278247 59.235250 32.127000 55.534000 137.374750 -8.077833 136.854500 45.355223 38.712458 38.119064 
30.793200 28.759543 27.493944 14.390000 82.662000 87.808363 159.135000 140.572333 1.316500 90.287000 154.230400 110.597667 79.228667 7.501000 37.045600 142.556500 25.621900 118.929667 120.787825 28.495762 23.069240 
34.053013 34.628424 31.973833 36.118000 109.549000 32.586000 15.566000 35.417500 103.157750 103.044000 26.330333 52.208222 131.834222 127.799333 32.392800 66.292333 47.277667 128.456800 125.840500 91.999500 20.818421 
35.817503 37.006583 42.039333 35.348000 114.766333 79.419500 137.242833 29.957400 23.776833 190.265000 50.114750 118.575333 157.536700 39.192800 63.582667 138.694800 110.687333 36.746500 114.202000 121.960000 106.979750 
-35.817503 -37.006583 -42.039333 -35.348000 -114.766333 -79.419500 -137.242833 -29.957400 -23.776833 -190.265000 -50.114750 -118.575333 -157.536700 -39.192800 -63.582667 -138.694800 -110.687333 -36.746500 -114.202000 -121.960000 -106.979750 
-34.053013 -34.628424 -31.973833 -36.118000 -109.549000 -32.586000 -15.566000 -35.417500 -103.157750 -103.044000 -26.330333 -52.208222 -131.834222 -127.799333 -32.392800 -66.292333 -47.277667 -128.456800 -125.840500 -91.999500 -20.818421 
-30.793200 -28.759543 -27.493944 -14.390000 -82.662000 -87.808363 -159.135000 -140.572333 -1.316500 -90.287000 -154.230400 -110.597667 -79.228667 -7.501000 -37.045600 -142.556500 -25.621900 -118.929667 -120.787825 -28.495762 -23.069240 
-28.428188 -25.731820 -20.941972 5.984065 -76.204998 -71.406028 -149.092815 -147.571111 -53.006000 -48.603750 -128.467333 -145.278247 -59.235250 -32.127000 -55.534000 -137.374750 8.077833 -136.854500 -45.355223 -38.712458 -38.119064 
-27.080004 -23.336896 -42.434703 -153.927433 -64.995804 -62.943602 -148.331963 -145.565259 -142.591111 -51.183583 -51.940998 -54.888436 -53.099250 -58.832667 23.965333 14.266000 -43.952000 -58.423345 -50.211023 -47.148972 -45.473497 
-27.080004 -0.000000 -63.927433 -153.927433 -62.859063 -60.637782 -60.637782 -144.293399 -141.957123 -142.096674 -52.671006 -53.149923 -53.712536 -59.566959 -67.111875 -63.208136 -60.964712 -54.446686 -54.317184 -50.559059 -48.854016 
