21 12
0.044352 0.041714 0.000000 0.043333 0.043570 0.000000 0.042145 0.043816 0.000000 0.040845 0.041639 0.000000 0.040038 0.037438 0.000000 0.038216 0.034376 0.000000 0.038155 0.032724 0.000000 0.038674 0.029699 0.000000 0.039730 0.028237 0.000000 0.040409 0.027640 0.000000 0.028267 0.039536 0.000000 0.033086 0.036245 0.000000 0.037272 0.033226 0.000000 0.043426 0.034438 0.000000 0.045466 0.033913 0.000000 0.048102 0.034324 0.000000 0.045351 0.029445 0.000000 0.042906 0.029173 0.000000 0.038553 0.029169 0.000000 0.036974 0.030418 0.000000 0.035460 0.032179 0.000000 
0.045167 0.039503 0.000000 0.044514 0.042025 0.000000 0.043324 0.044853 0.000000 0.042185 0.044873 0.000000 0.042445 0.040154 0.000000 0.039311 0.037642 0.000000 0.037110 0.032691 0.000000 0.037233 0.030571 0.000000 0.040443 0.027114 0.000000 0.027540 0.040751 0.000000 0.040860 0.027593 0.000000 0.036902 0.029571 0.000000 0.046735 0.027503 0.000000 0.031140 0.038583 0.000000 0.043664 0.048894 0.000000 0.048754 0.024202 0.000000 0.048110 0.026961 0.000000 0.033361 0.029216 0.000000 0.038416 0.028141 0.000000 0.033905 0.033898 0.000000 0.033977 0.034315 0.000000 
0.046254 0.035181 0.000000 0.046503 0.037173 0.000000 0.045975 0.042152 0.000000 0.043956 0.050414 0.000000 0.048332 0.043725 0.000000 0.043105 0.044056 0.000000 0.037102 0.035563 0.000000 0.036834 0.031780 0.000000 0.027170 0.033896 0.000000 0.049179 0.020855 0.000000 0.037891 0.033366 0.000000 0.034202 0.027247 0.000000 0.043105 0.011968 0.000000 0.036344 0.022141 0.000000 0.035298 0.041060 0.000000 0.046732 0.034939 0.000000 0.059304 0.021954 0.000000 0.047485 0.012211 0.000000 0.027378 0.039431 0.000000 0.030917 0.038492 0.000000 0.030796 0.038217 0.000000 
0.046487 0.030335 0.000000 0.047317 0.030994 0.000000 0.049103 0.030399 0.000000 0.048199 0.042463 0.000000 0.066711 0.042042 0.000000 0.041541 0.048502 0.000000 0.056105 0.027682 0.000000 0.045856 0.016998 0.000000 0.024187 0.038111 0.000000 0.029082 0.015568 0.000000 0.015294 0.030202 0.000000 0.030074 0.042665 0.000000 0.019822 0.022024 0.000000 0.024417 0.023392 0.000000 0.043112 0.034751 0.000000 0.054329 0.035713 0.000000 0.041604 0.036195 0.000000 0.034179 0.030919 0.000000 0.043926 0.030101 0.000000 0.027119 0.041815 0.000000 0.026793 0.041255 0.000000 
0.045924 0.026815 0.000000 0.046000 0.026152 0.000000 0.047717 0.024802 0.000000 0.053569 0.000945 0.000000 0.048788 0.048384 0.000000 0.045474 0.032389 0.000000 0.057923 0.031049 0.000000 0.051823 0.007070 0.000000 0.035912 0.026199 0.000000 0.049510 0.013985 0.000000 0.035450 0.031941 0.000000 0.036204 0.020074 0.000000 0.037206 0.050212 0.000000 0.037082 0.043759 0.000000 0.044098 0.027535 0.000000 0.056484 0.037232 0.000000 0.041577 0.033494 0.000000 0.048201 0.050520 0.000000 0.039881 0.028086 0.000000 0.042030 0.020917 0.000000 0.026315 0.040994 0.000000 
0.045421 0.025383 0.000000 0.044858 0.024630 0.000000 0.041965 0.024423 0.000000 0.045000 0.029238 0.000000 0.057461 0.042224 0.000000 0.051764 0.032797 0.000000 0.030994 0.034104 0.000000 0.035467 0.020595 0.000000 0.037464 0.021123 0.000000 0.012330 0.023271 0.000000 0.060040 0.026446 0.000000 0.046402 0.034319 0.000000 0.045849 0.046071 0.000000 0.040277 0.038666 0.000000 0.063045 0.048948 0.000000 0.037931 0.035385 0.000000 0.048456 0.021423 0.000000 0.036985 0.019400 0.000000 0.049065 0.022042 0.000000 0.038420 0.030193 0.000000 0.040273 0.025603 0.000000 
0.045421 0.025383 0.000000 0.044858 0.024630 0.000000 0.041965 0.024423 0.000000 0.045000 0.029238 0.000000 0.057461 0.042224 0.000000 0.051764 0.032797 0.000000 0.030994 0.034104 0.000000 0.035467 0.020595 0.000000 0.037464 0.021123 0.000000 0.012330 0.023271 0.000000 0.060040 0.026446 0.000000 0.046402 0.034319 0.000000 0.045849 0.046071 0.000000 0.040277 0.038666 0.000000 0.063045 0.048948 0.000000 0.037931 0.035385 0.000000 0.048456 0.021423 0.000000 0.036985 0.019400 0.000000 0.049065 0.022042 0.000000 0.038420 0.030193 0.000000 0.040273 0.025603 0.000000 
0.045924 0.026815 0.000000 0.046000 0.026152 0.000000 0.047717 0.024802 0.000000 0.053569 0.000945 0.000000 0.048788 0.048384 0.000000 0.045474 0.032389 0.000000 0.057923 0.031049 0.000000 0.051823 0.007070 0.000000 0.035912 0.026199 0.000000 0.049510 0.013985 0.000000 0.035450 0.031941 0.000000 0.036204 0.020074 0.000000 0.037206 0.050212 0.000000 0.037082 0.043759 0.000000 0.044098 0.027535 0.000000 0.056484 0.037232 0.000000 0.041577 0.033494 0.000000 0.048201 0.050520 0.000000 0.039881 0.028086 0.000000 0.042030 0.020917 0.000000 0.026315 0.040994 0.000000 
0.046487 0.030335 0.000000 0.047317 0.030994 0.000000 0.049103 0.030399 0.000000 0.048199 0.042463 0.000000 0.066711 0.042042 0.000000 0.041541 0.048502 0.000000 0.056105 0.027682 0.000000 0.045856 0.016998 0.000000 0.024187 0.038111 0.000000 0.029082 0.015568 0.000000 0.015294 0.030202 0.000000 0.030074 0.042665 0.000000 0.019822 0.022024 0.000000 0.024417 0.023392 0.000000 0.043112 0.034751 0.000000 0.054329 0.035713 0.000000 0.041604 0.036195 0.000000 0.034179 0.030919 0.000000 0.043926 0.030101 0.000000 0.027119 0.041815 0.000000 0.026793 0.041255 0.000000 
0.046254 0.035181 0.000000 0.046503 0.037173 0.000000 0.045975 0.042152 0.000000 0.043956 0.050414 0.000000 0.048332 0.043725 0.000000 0.043105 0.044056 0.000000 0.037102 0.035563 0.000000 0.036834 0.031780 0.000000 0.027170 0.033896 0.000000 0.049179 0.020855 0.000000 0.037891 0.033366 0.000000 0.034202 0.027247 0.000000 0.043105 0.011968 0.000000 0.036344 0.022141 0.000000 0.035298 0.041060 0.000000 0.046732 0.034939 0.000000 0.059304 0.021954 0.000000 0.047485 0.012211 0.000000 0.027378 0.039431 0.000000 0.030917 0.038492 0.000000 0.030796 0.038217 0.000000 
0.045167 0.039503 0.000000 0.044514 0.042025 0.000000 0.043324 0.044853 0.000000 0.042185 0.044873 0.000000 0.042445 0.040154 0.000000 0.039311 0.037642 0.000000 0.037110 0.032691 0.000000 0.037233 0.030571 0.000000 0.040443 0.027114 0.000000 0.027540 0.040751 0.000000 0.040860 0.027593 0.000000 0.036902 0.029571 0.000000 0.046735 0.027503 0.000000 0.031140 0.038583 0.000000 0.043664 0.048894 0.000000 0.048754 0.024202 0.000000 0.048110 0.026961 0.000000 0.033361 0.029216 0.000000 0.038416 0.028141 0.000000 0.033905 0.033898 0.000000 0.033977 0.034315 0.000000 
0.044352 0.041714 0.000000 0.043333 0.043570 0.000000 0.042145 0.043816 0.000000 0.040845 0.041639 0.000000 0.040038 0.037438 0.000000 0.038216 0.034376 0.000000 0.038155 0.032724 0.000000 0.038674 0.029699 0.000000 0.039730 0.028237 0.000000 0.040409 0.027640 0.000000 0.028267 0.039536 0.000000 0.033086 0.036245 0.000000 0.037272 0.033226 0.000000 0.043426 0.034438 0.000000 0.045466 0.033913 0.000000 0.048102 0.034324 0.000000 0.045351 0.029445 0.000000 0.042906 0.029173 0.000000 0.038553 0.029169 0.000000 0.036974 0.030418 0.000000 0.035460 0.032179 0.000000 
25.509599 0.000000 0.000000 0.000000 0.000000 97.326736 94.677407 89.768081 79.430358 68.820951 151.582513 147.650785 143.151747 145.541329 150.354390 155.569041 168.983677 176.326337 185.087179 2.895190 2.895190 
25.509599 23.704094 -1.740204 176.326419 84.393042 99.976065 99.976065 94.288075 85.377827 -20.765422 59.088885 56.424075 143.507667 49.523500 65.982400 -19.629667 161.763333 18.232000 180.703201 14.701733 12.255887 
27.315105 23.704094 8.297288 -1.740204 84.393042 76.757662 111.250185 105.664055 1.822344 74.790333 51.236750 51.239573 67.047500 46.387750 55.586130 148.470875 -8.916750 136.854500 31.399967 21.616584 23.433175 
29.740751 28.500469 18.907719 7.724347 82.662000 86.124083 128.268500 9.818000 12.747375 89.933667 118.702750 145.703200 86.377333 -1.986000 32.422429 155.945625 25.175000 118.929667 119.113400 25.249767 16.288617 
33.693487 33.064954 33.528733 36.118000 109.549000 36.782333 6.783500 116.832000 38.580250 106.530000 52.526400 52.718667 131.063083 124.487828 32.392800 166.003000 46.249125 124.586333 128.486200 91.999500 19.956897 
35.424494 37.784033 42.039333 48.233250 104.975500 83.812250 152.735750 17.609571 18.138750 56.521000 201.285000 113.895500 158.705900 70.084500 32.073000 56.804250 110.496750 42.353667 114.202000 122.621425 107.310462 
-35.424494 -37.784033 -42.039333 -48.233250 -104.975500 -83.812250 -152.735750 -17.609571 -18.138750 -56.521000 -201.285000 -113.895500 -158.705900 -70.084500 -32.073000 -56.804250 -110.496750 -42.353667 -114.202000 -122.621425 -107.310462 
-33.693487 -33.064954 -33.528733 -36.118000 -109.549000 -36.782333 -6.783500 -116.832000 -38.580250 -106.530000 -52.526400 -52.718667 -131.063083 -124.487828 -32.392800 -166.003000 -46.249125 -124.586333 -128.486200 -91.999500 -19.956897 
-29.740751 -28.500469 -18.907719 -7.724347 -82.662000 -86.124083 -128.268500 -9.818000 -12.747375 -89.933667 -118.702750 -145.703200 -86.377333 1.986000 -32.422429 -155.945625 -25.175000 -118.929667 -119.113400 -25.249767 -16.288617 
-27.315105 -23.704094 -8.297288 1.740204 -84.393042 -76.757662 -111.250185 -105.664055 -1.822344 -74.790333 -51.236750 -51.239573 -67.047500 -46.387750 -55.586130 -148.470875 8.916750 -136.854500 -31.399967 -21.616584 -23.433175 
-25.509599 -23.704094 1.740204 -176.326419 -84.393042 -99.976065 -99.976065 -94.288075 -85.377827 20.765422 -59.088885 -56.424075 -143.507667 -49.523500 -65.982400 19.629667 -161.763333 -18.232000 -180.703201 -14.701733 -12.255887 
-25.509599 -0.000000 -0.000000 -0.000000 -0.000000 -97.326736 -94.677407 -89.768081 -79.430358 -68.820951 -151.582513 -147.650785 -143.151747 -145.541329 -150.354390 -155.569041 -168.983677 -176.326337 -185.087179 -2.895190 -2.895190 
