21 12
0.046814 0.046814 0.008720 0.046570 0.046570 0.008720 0.046120 0.046120 0.008720 0.045378 0.045378 0.008720 0.044536 0.044536 0.008720 0.043478 0.043478 0.008720 0.042444 0.042444 0.008720 0.040180 0.040180 0.008720 0.037570 0.037570 0.008720 0.034704 0.034704 0.008720 0.031793 0.031793 0.008720 0.032981 0.032981 0.008720 0.036003 0.036003 0.008720 0.040450 0.040450 0.008720 0.041809 0.041809 0.008720 0.041893 0.041893 0.008720 0.040865 0.040865 0.008720 0.039471 0.039471 0.008720 0.038011 0.038011 0.008720 0.037224 0.037224 0.008720 0.036978 0.036978 0.008720 
0.046946 0.046946 0.008720 0.046880 0.046880 0.008720 0.046682 0.046682 0.008720 0.046211 0.046211 0.008720 0.045308 0.045308 0.008720 0.044780 0.044780 0.008720 0.043139 0.043139 0.008720 0.041500 0.041500 0.008720 0.038246 0.038246 0.008720 0.035440 0.035440 0.008720 0.033066 0.033066 0.008720 0.026099 0.026099 0.008720 0.039596 0.039596 0.008720 0.042794 0.042794 0.008720 0.042264 0.042264 0.010154 0.038844 0.038844 0.012705 0.039065 0.039065 0.010154 0.037638 0.037638 0.008720 0.036837 0.036837 0.008720 0.036729 0.036729 0.008720 0.037013 0.037013 0.008720 
0.047012 0.047012 0.008720 0.047120 0.047120 0.008720 0.047272 0.047272 0.008720 0.047486 0.047486 0.008720 0.047120 0.047120 0.008720 0.045636 0.045636 0.008720 0.045520 0.045520 0.008720 0.042308 0.042308 0.008720 0.039471 0.039471 0.008720 0.035363 0.035363 0.008720 0.033446 0.033446 0.008720 0.036260 0.036260 0.008720 0.046615 0.046615 0.008720 0.044786 0.044786 0.009998 0.034369 0.034369 0.017716 0.037354 0.037354 0.020394 0.032585 0.032585 0.017716 0.033908 0.033908 0.009998 0.034387 0.034387 0.008720 0.037083 0.037083 0.008720 0.037329 0.037329 0.008720 
0.046836 0.046836 0.008720 0.046946 0.046946 0.008720 0.047164 0.047164 0.008720 0.047592 0.047592 0.008720 0.049027 0.049027 0.008720 0.048116 0.048116 0.008720 0.045425 0.045425 0.008720 0.048465 0.048465 0.008720 0.038079 0.038079 0.008720 0.034347 0.034347 0.008720 0.034979 0.034979 0.008720 0.033861 0.033861 0.008720 0.041127 0.041127 0.008720 0.046742 0.046742 0.015639 0.039992 0.039992 0.023794 0.035479 0.035479 0.026882 0.044422 0.044422 0.023794 0.037081 0.037081 0.015639 0.038477 0.038477 0.008720 0.038178 0.038178 0.008720 0.038411 0.038411 0.008720 
0.046570 0.046570 0.008720 0.046548 0.046548 0.008720 0.046504 0.046504 0.008720 0.046548 0.046548 0.008720 0.046593 0.046593 0.008720 0.052569 0.052569 0.008720 0.042198 0.042198 0.008720 0.031838 0.031838 0.008720 0.044189 0.044189 0.008720 0.026628 0.026628 0.008720 0.025920 0.025920 0.008720 0.044828 0.044828 0.008720 0.037398 0.037398 0.008720 0.027716 0.027716 0.019507 0.033209 0.033209 0.028475 0.020927 0.020927 0.031700 0.025218 0.025218 0.028475 0.035791 0.035791 0.019507 0.039156 0.039156 0.008720 0.039689 0.039689 0.008720 0.039471 0.039471 0.008720 
0.046414 0.046414 0.008720 0.046301 0.046301 0.008720 0.046074 0.046074 0.008720 0.045566 0.045566 0.008720 0.044462 0.044462 0.008720 0.037672 0.037672 0.008720 0.016802 0.016802 0.008720 0.042308 0.042308 0.008720 0.029996 0.029996 0.008720 0.047740 0.047740 0.008720 0.036658 0.036658 0.008720 0.036478 0.036478 0.008720 0.045613 0.045613 0.008720 0.036766 0.036766 0.021518 0.027382 0.027382 0.031302 0.035390 0.035390 0.031700 0.018755 0.018755 0.031302 0.034929 0.034929 0.021518 0.040391 0.040391 0.008720 0.040300 0.040300 0.008720 0.039997 0.039997 0.008720 
0.046414 0.046414 0.008720 0.046301 0.046301 0.008720 0.046074 0.046074 0.008720 0.045566 0.045566 0.008720 0.044462 0.044462 0.008720 0.037672 0.037672 0.008720 0.016802 0.016802 0.008720 0.042308 0.042308 0.008720 0.029996 0.029996 0.008720 0.047740 0.047740 0.008720 0.036658 0.036658 0.008720 0.036478 0.036478 0.008720 0.045613 0.045613 0.008720 0.036766 0.036766 0.021518 0.027382 0.027382 0.031302 0.035390 0.035390 0.031700 0.018755 0.018755 0.031302 0.034929 0.034929 0.021518 0.040391 0.040391 0.008720 0.040300 0.040300 0.008720 0.039997 0.039997 0.008720 
0.046570 0.046570 0.008720 0.046548 0.046548 0.008720 0.046504 0.046504 0.008720 0.046548 0.046548 0.008720 0.046593 0.046593 0.008720 0.052569 0.052569 0.008720 0.042198 0.042198 0.008720 0.031838 0.031838 0.008720 0.044189 0.044189 0.008720 0.026628 0.026628 0.008720 0.025920 0.025920 0.008720 0.044828 0.044828 0.008720 0.037398 0.037398 0.008720 0.027716 0.027716 0.019507 0.033209 0.033209 0.028475 0.020927 0.020927 0.031700 0.025218 0.025218 0.028475 0.035791 0.035791 0.019507 0.039156 0.039156 0.008720 0.039689 0.039689 0.008720 0.039471 0.039471 0.008720 
0.046836 0.046836 0.008720 0.046946 0.046946 0.008720 0.047164 0.047164 0.008720 0.047592 0.047592 0.008720 0.049027 0.049027 0.008720 0.048116 0.048116 0.008720 0.045425 0.045425 0.008720 0.048465 0.048465 0.008720 0.038079 0.038079 0.008720 0.034347 0.034347 0.008720 0.034979 0.034979 0.008720 0.033861 0.033861 0.008720 0.041127 0.041127 0.008720 0.046742 0.046742 0.015639 0.039992 0.039992 0.023794 0.035479 0.035479 0.026882 0.044422 0.044422 0.023794 0.037081 0.037081 0.015639 0.038477 0.038477 0.008720 0.038178 0.038178 0.008720 0.038411 0.038411 0.008720 
0.047012 0.047012 0.008720 0.047120 0.047120 0.008720 0.047272 0.047272 0.008720 0.047486 0.047486 0.008720 0.047120 0.047120 0.008720 0.045636 0.045636 0.008720 0.045520 0.045520 0.008720 0.042308 0.042308 0.008720 0.039471 0.039471 0.008720 0.035363 0.035363 0.008720 0.033446 0.033446 0.008720 0.036260 0.036260 0.008720 0.046615 0.046615 0.008720 0.044786 0.044786 0.009998 0.034369 0.034369 0.017716 0.037354 0.037354 0.020394 0.032585 0.032585 0.017716 0.033908 0.033908 0.009998 0.034387 0.034387 0.008720 0.037083 0.037083 0.008720 0.037329 0.037329 0.008720 
0.046946 0.046946 0.008720 0.046880 0.046880 0.008720 0.046682 0.046682 0.008720 0.046211 0.046211 0.008720 0.045308 0.045308 0.008720 0.044780 0.044780 0.008720 0.043139 0.043139 0.008720 0.041500 0.041500 0.008720 0.038246 0.038246 0.008720 0.035440 0.035440 0.008720 0.033066 0.033066 0.008720 0.026099 0.026099 0.008720 0.039596 0.039596 0.008720 0.042794 0.042794 0.008720 0.042264 0.042264 0.010154 0.038844 0.038844 0.012705 0.039065 0.039065 0.010154 0.037638 0.037638 0.008720 0.036837 0.036837 0.008720 0.036729 0.036729 0.008720 0.037013 0.037013 0.008720 
0.046814 0.046814 0.008720 0.046570 0.046570 0.008720 0.046120 0.046120 0.008720 0.045378 0.045378 0.008720 0.044536 0.044536 0.008720 0.043478 0.043478 0.008720 0.042444 0.042444 0.008720 0.040180 0.040180 0.008720 0.037570 0.037570 0.008720 0.034704 0.034704 0.008720 0.031793 0.031793 0.008720 0.032981 0.032981 0.008720 0.036003 0.036003 0.008720 0.040450 0.040450 0.008720 0.041809 0.041809 0.008720 0.041893 0.041893 0.008720 0.040865 0.040865 0.008720 0.039471 0.039471 0.008720 0.038011 0.038011 0.008720 0.037224 0.037224 0.008720 0.036978 0.036978 0.008720 
0.000000 0.000000 0.000000 0.000000 0.000000 0.000000 0.000000 0.000000 0.000000 0.000000 0.000000 0.000000 0.000000 0.000000 0.000000 0.000000 0.000000 0.000000 0.000000 0.000000 0.000000 
0.000000 0.000000 0.000000 0.000000 0.000000 0.000000 0.000000 0.000000 0.000000 0.000000 0.000000 0.000000 0.000000 0.000000 0.000000 0.000000 0.000000 0.000000 0.000000 0.000000 0.000000 
0.000000 0.000000 0.000000 0.000000 0.000000 0.000000 0.000000 0.000000 0.000000 0.000000 0.000000 0.000000 0.000000 0.000000 0.000000 0.000000 0.000000 0.000000 0.000000 0.000000 0.000000 
0.000000 0.000000 0.000000 0.000000 0.000000 0.000000 0.000000 0.000000 0.000000 0.000000 0.000000 0.000000 0.000000 0.000000 0.000000 0.000000 0.000000 0.000000 0.000000 0.000000 0.000000 
0.000000 0.000000 0.000000 0.000000 0.000000 0.000000 0.000000 0.000000 0.000000 0.000000 0.000000 0.000000 0.000000 0.000000 0.000000 0.000000 0.000000 0.000000 0.000000 0.000000 0.000000 
0.000000 0.000000 0.000000 0.000000 0.000000 0.000000 0.000000 0.000000 0.000000 0.000000 0.000000 0.000000 0.000000 0.000000 0.000000 0.000000 0.000000 0.000000 0.000000 0.000000 0.000000 
0.000000 0.000000 0.000000 0.000000 0.000000 0.000000 0.000000 0.000000 0.000000 0.000000 0.000000 0.000000 0.000000 0.000000 0.000000 0.000000 0.000000 0.000000 0.000000 0.000000 0.000000 
0.000000 0.000000 0.000000 0.000000 0.000000 0.000000 0.000000 0.000000 0.000000 0.000000 0.000000 0.000000 0.000000 0.000000 0.000000 0.000000 0.000000 0.000000 0.000000 0.000000 0.000000 
0.000000 0.000000 0.000000 0.000000 0.000000 0.000000 0.000000 0.000000 0.000000 0.000000 0.000000 0.000000 0.000000 0.000000 0.000000 0.000000 0.000000 0.000000 0.000000 0.000000 0.000000 
0.000000 0.000000 0.000000 0.000000 0.000000 0.000000 0.000000 0.000000 0.000000 0.000000 0.000000 0.000000 0.000000 0.000000 0.000000 0.000000 0.000000 0.000000 0.000000 0.000000 0.000000 
0.000000 0.000000 0.000000 0.000000 0.000000 0.000000 0.000000 0.000000 0.000000 0.000000 0.000000 0.000000 0.000000 0.000000 0.000000 0.000000 0.000000 0.000000 0.000000 0.000000 0.000000 
0.000000 0.000000 0.000000 0.000000 0.000000 0.000000 0.000000 0.000000 0.000000 0.000000 0.000000 0.000000 0.000000 0.000000 0.000000 0.000000 0.000000 0.000000 0.000000 0.000000 0.000000 
