21 12
0.051924 0.041704 0.008720 0.052066 0.041075 0.008720 0.052052 0.040187 0.008720 0.051805 0.038951 0.008720 0.051467 0.037604 0.008720 0.050187 0.036768 0.008720 0.047860 0.037028 0.008720 0.042450 0.037909 0.008720 0.035213 0.039927 0.008720 0.026993 0.042416 0.008720 0.020335 0.043250 0.008720 0.019058 0.046904 0.008720 0.022251 0.049754 0.008720 0.029260 0.051640 0.008720 0.034586 0.049033 0.008720 0.036864 0.046923 0.008720 0.037650 0.044080 0.008720 0.038562 0.040380 0.008720 0.040250 0.035773 0.008720 0.042070 0.032378 0.008720 0.042972 0.030984 0.008720 
0.051696 0.042195 0.008720 0.051963 0.041797 0.008720 0.052152 0.041211 0.008720 0.052111 0.040311 0.008720 0.051757 0.038858 0.008720 0.052415 0.037145 0.008720 0.050216 0.036061 0.008720 0.046182 0.036817 0.008720 0.037925 0.038566 0.008720 0.029361 0.041518 0.008720 0.020076 0.046057 0.008720 0.041403 0.010795 0.008720 0.055536 0.023656 0.008720 0.052634 0.032955 0.008720 0.048209 0.037752 0.008720 0.043471 0.038200 0.008720 0.037802 0.041763 0.008720 0.040106 0.035171 0.008720 0.041993 0.031680 0.008720 0.043872 0.029587 0.008720 0.043471 0.030556 0.008720 
0.051116 0.042907 0.008720 0.051440 0.042801 0.008720 0.051880 0.042663 0.008720 0.052434 0.042538 0.008720 0.052392 0.041848 0.008720 0.051817 0.039455 0.008720 0.055166 0.035873 0.008720 0.049211 0.035405 0.008720 0.041971 0.036972 0.008720 0.030759 0.039968 0.008720 0.042666 0.024227 0.008720 0.059092 0.013428 0.008720 0.064940 0.028290 0.008720 0.052723 0.038128 0.008720 0.036663 0.041072 0.008720 0.049173 0.037209 0.008720 0.038619 0.035548 0.008720 0.029266 0.039827 0.008720 0.048176 0.020599 0.008720 0.044469 0.029698 0.008720 0.044214 0.030443 0.008720 
0.050308 0.043364 0.008720 0.050490 0.043402 0.008720 0.050819 0.043508 0.008720 0.051522 0.043662 0.008720 0.053167 0.044886 0.008720 0.051246 0.044986 0.008720 0.050296 0.040554 0.008720 0.065630 0.031299 0.008720 0.039123 0.037034 0.008720 0.037954 0.030740 0.008720 0.028342 0.041615 0.008720 0.036145 0.031576 0.008720 0.050762 0.031491 0.008720 0.061856 0.038546 0.008720 0.046604 0.048453 0.008720 0.044446 0.044674 0.008720 0.059163 0.044755 0.008720 0.032503 0.048576 0.008720 0.034009 0.042944 0.008720 0.032049 0.044308 0.008720 0.048032 0.028790 0.008720 
0.049611 0.043530 0.008720 0.049532 0.043564 0.008720 0.049431 0.043576 0.008720 0.049363 0.043733 0.008720 0.050085 0.043100 0.008720 0.056327 0.048811 0.008720 0.047955 0.036441 0.008720 0.034123 0.029553 0.008720 0.059517 0.028861 0.008720 0.031334 0.021922 0.008720 0.028750 0.023089 0.008720 0.059340 0.030316 0.008720 0.047111 0.027684 0.008720 0.040415 0.025803 0.008720 0.038564 0.047608 0.008720 0.031174 0.033661 0.008720 0.043806 0.026384 0.008720 0.036869 0.045500 0.008720 0.057648 0.020663 0.008720 0.024342 0.055037 0.008720 0.025955 0.052987 0.008720 
0.049286 0.043541 0.008720 0.049062 0.043540 0.008720 0.048668 0.043481 0.008720 0.047939 0.043193 0.008720 0.045715 0.043209 0.008720 0.043503 0.031842 0.008720 0.015115 0.018488 0.008720 0.055480 0.029136 0.008720 0.028031 0.031962 0.008720 0.049370 0.046110 0.008720 0.047985 0.025331 0.008720 0.041307 0.031649 0.008720 0.035967 0.055259 0.008720 0.041884 0.044446 0.008720 0.063195 0.014151 0.008720 0.052747 0.041013 0.008720 0.037842 0.022250 0.008720 0.050262 0.032395 0.008720 0.059750 0.021031 0.008720 0.059371 0.021230 0.008720 0.022788 0.057206 0.008720 
0.049286 0.043541 0.008720 0.049062 0.043540 0.008720 0.048668 0.043481 0.008720 0.047939 0.043193 0.008720 0.045715 0.043209 0.008720 0.043503 0.031842 0.008720 0.015115 0.018488 0.008720 0.055480 0.029136 0.008720 0.028031 0.031962 0.008720 0.049370 0.046110 0.008720 0.047985 0.025331 0.008720 0.041307 0.031649 0.008720 0.035967 0.055259 0.008720 0.041884 0.044446 0.008720 0.063195 0.014151 0.008720 0.052747 0.041013 0.008720 0.037842 0.022250 0.008720 0.050262 0.032395 0.008720 0.059750 0.021031 0.008720 0.059371 0.021230 0.008720 0.022788 0.057206 0.008720 
0.049611 0.043530 0.008720 0.049532 0.043564 0.008720 0.049431 0.043576 0.008720 0.049363 0.043733 0.008720 0.050085 0.043100 0.008720 0.056327 0.048811 0.008720 0.047955 0.036441 0.008720 0.034123 0.029553 0.008720 0.059517 0.028861 0.008720 0.031334 0.021922 0.008720 0.028750 0.023089 0.008720 0.059340 0.030316 0.008720 0.047111 0.027684 0.008720 0.040415 0.025803 0.008720 0.038564 0.047608 0.008720 0.031174 0.033661 0.008720 0.043806 0.026384 0.008720 0.036869 0.045500 0.008720 0.057648 0.020663 0.008720 0.024342 0.055037 0.008720 0.025955 0.052987 0.008720 
0.050308 0.043364 0.008720 0.050490 0.043402 0.008720 0.050819 0.043508 0.008720 0.051522 0.043662 0.008720 0.053167 0.044886 0.008720 0.051246 0.044986 0.008720 0.050296 0.040554 0.008720 0.065630 0.031299 0.008720 0.039123 0.037034 0.008720 0.037954 0.030740 0.008720 0.028342 0.041615 0.008720 0.036145 0.031576 0.008720 0.050762 0.031491 0.008720 0.061856 0.038546 0.008720 0.046604 0.048453 0.008720 0.044446 0.044674 0.008720 0.059163 0.044755 0.008720 0.032503 0.048576 0.008720 0.034009 0.042944 0.008720 0.032049 0.044308 0.008720 0.048032 0.028790 0.008720 
0.051116 0.042907 0.008720 0.051440 0.042801 0.008720 0.051880 0.042663 0.008720 0.052434 0.042538 0.008720 0.052392 0.041848 0.008720 0.051817 0.039455 0.008720 0.055166 0.035873 0.008720 0.049211 0.035405 0.008720 0.041971 0.036972 0.008720 0.030759 0.039968 0.008720 0.042666 0.024227 0.008720 0.059092 0.013428 0.008720 0.064940 0.028290 0.008720 0.052723 0.038128 0.008720 0.036663 0.041072 0.008720 0.049173 0.037209 0.008720 0.038619 0.035548 0.008720 0.029266 0.039827 0.008720 0.048176 0.020599 0.008720 0.044469 0.029698 0.008720 0.044214 0.030443 0.008720 
0.051696 0.042195 0.008720 0.051963 0.041797 0.008720 0.052152 0.041211 0.008720 0.052111 0.040311 0.008720 0.051757 0.038858 0.008720 0.052415 0.037145 0.008720 0.050216 0.036061 0.008720 0.046182 0.036817 0.008720 0.037925 0.038566 0.008720 0.029361 0.041518 0.008720 0.020076 0.046057 0.008720 0.041403 0.010795 0.008720 0.055536 0.023656 0.008720 0.052634 0.032955 0.008720 0.048209 0.037752 0.008720 0.043471 0.038200 0.008720 0.037802 0.041763 0.008720 0.040106 0.035171 0.008720 0.041993 0.031680 0.008720 0.043872 0.029587 0.008720 0.043471 0.030556 0.008720 
0.051924 0.041704 0.008720 0.052066 0.041075 0.008720 0.052052 0.040187 0.008720 0.051805 0.038951 0.008720 0.051467 0.037604 0.008720 0.050187 0.036768 0.008720 0.047860 0.037028 0.008720 0.042450 0.037909 0.008720 0.035213 0.039927 0.008720 0.026993 0.042416 0.008720 0.020335 0.043250 0.008720 0.019058 0.046904 0.008720 0.022251 0.049754 0.008720 0.029260 0.051640 0.008720 0.034586 0.049033 0.008720 0.036864 0.046923 0.008720 0.037650 0.044080 0.008720 0.038562 0.040380 0.008720 0.040250 0.035773 0.008720 0.042070 0.032378 0.008720 0.042972 0.030984 0.008720 
146.294343 146.327315 146.298490 146.152644 145.943662 145.405830 144.363923 141.588385 135.179036 128.741555 126.711166 124.745156 126.923662 130.646443 133.411302 132.999450 132.626940 132.684626 132.761542 133.590442 134.409728 
146.244779 146.310934 146.372522 146.370304 146.143966 146.281189 145.572378 144.013740 138.087629 132.781813 126.731685 30.620000 34.917774 47.411717 43.332620 42.254429 117.992887 132.742313 132.780771 135.229014 129.602399 
146.122078 146.218788 146.353937 146.613203 146.780386 146.108458 147.162732 145.540663 139.337825 134.690217 40.367525 31.249000 35.314000 42.488095 76.927000 6.503667 26.419667 20.214000 155.386000 119.987742 116.165088 
145.950885 146.007705 146.140989 146.291252 147.237206 147.494691 144.204033 151.743500 139.534252 41.579758 142.123367 136.265500 39.995381 17.716000 73.454000 32.423500 153.852250 26.061700 8.505690 183.278507 104.988863 
145.794251 145.782798 145.753094 145.906408 145.241008 150.104667 58.507333 125.124000 47.163000 152.061000 94.971667 26.069667 52.995000 -19.641500 25.894000 116.521500 76.051200 183.344750 107.522000 11.700339 6.939838 
145.723100 145.663401 145.573708 145.241008 140.034889 138.123667 90.557000 160.020667 28.346000 73.720333 115.997400 174.452250 93.592000 32.982000 31.202500 125.595250 132.082000 -5.365000 104.933000 95.840667 8.770503 
-145.723100 -145.663401 -145.573708 -145.241008 -140.034889 -138.123667 -90.557000 -160.020667 -28.346000 -73.720333 -115.997400 -174.452250 -93.592000 -32.982000 -31.202500 -125.595250 -132.082000 5.365000 -104.933000 -95.840667 -8.770503 
-145.794251 -145.782798 -145.753094 -145.906408 -145.241008 -150.104667 -58.507333 -125.124000 -47.163000 -152.061000 -94.971667 -26.069667 -52.995000 19.641500 -25.894000 -116.521500 -76.051200 -183.344750 -107.522000 -11.700339 -6.939838 
-145.950885 -146.007705 -146.140989 -146.291252 -147.237206 -147.494691 -144.204033 -151.743500 -139.534252 -41.579758 -142.123367 -136.265500 -39.995381 -17.716000 -73.454000 -32.423500 -153.852250 -26.061700 -8.505690 -183.278507 -104.988863 
-146.122078 -146.218788 -146.353937 -146.613203 -146.780386 -146.108458 -147.162732 -145.540663 -139.337825 -134.690217 -40.367525 -31.249000 -35.314000 -42.488095 -76.927000 -6.503667 -26.419667 -20.214000 -155.386000 -119.987742 -116.165088 
-146.244779 -146.310934 -146.372522 -146.370304 -146.143966 -146.281189 -145.572378 -144.013740 -138.087629 -132.781813 -126.731685 -30.620000 -34.917774 -47.411717 -43.332620 -42.254429 -117.992887 -132.742313 -132.780771 -135.229014 -129.602399 
-146.294343 -146.327315 -146.298490 -146.152644 -145.943662 -145.405830 -144.363923 -141.588385 -135.179036 -128.741555 -126.711166 -124.745156 -126.923662 -130.646443 -133.411302 -132.999450 -132.626940 -132.684626 -132.761542 -133.590442 -134.409728 
