21 12
0.033682 0.033682 0.000000 0.033773 0.033773 0.000000 0.033429 0.033429 0.000000 0.032464 0.032464 0.000000 0.031077 0.031077 0.000000 0.029416 0.029416 0.000000 0.028512 0.028512 0.000000 0.027204 0.027204 0.000000 0.026931 0.026931 0.000000 0.027069 0.027069 0.000000 0.026759 0.026759 0.000000 0.027363 0.027363 0.000000 0.028231 0.028231 0.000000 0.030966 0.030966 0.000000 0.030730 0.030730 0.000000 0.031032 0.031032 0.000000 0.027966 0.027966 0.000000 0.027693 0.027693 0.000000 0.025451 0.025451 0.000000 0.026003 0.026003 0.000000 0.026086 0.026086 0.000000 
0.033469 0.033469 0.000000 0.033800 0.033800 0.000000 0.034084 0.034084 0.000000 0.033692 0.033692 0.000000 0.032515 0.032515 0.000000 0.031146 0.031146 0.000000 0.028436 0.028436 0.000000 0.026895 0.026895 0.000000 0.026479 0.026479 0.000000 0.027265 0.027265 0.000000 0.027744 0.027744 0.000000 0.025148 0.025148 0.000000 0.029485 0.029485 0.000000 0.030405 0.030405 0.000000 0.034900 0.034900 0.000000 0.025147 0.025147 0.000000 0.031826 0.031826 0.000000 0.021660 0.021660 0.000000 0.026375 0.026375 0.000000 0.026169 0.026169 0.000000 0.026603 0.026603 0.000000 
0.032923 0.032923 0.000000 0.033367 0.033367 0.000000 0.034299 0.034299 0.000000 0.035707 0.035707 0.000000 0.035024 0.035024 0.000000 0.033856 0.033856 0.000000 0.030666 0.030666 0.000000 0.027478 0.027478 0.000000 0.021660 0.021660 0.000000 0.028634 0.028634 0.000000 0.029837 0.029837 0.000000 0.026962 0.026962 0.000000 0.028944 0.028944 0.000000 0.029418 0.029418 0.000000 0.035583 0.035583 0.000000 0.029571 0.029571 0.000000 0.028841 0.028841 0.000000 0.029837 0.029837 0.000000 0.025147 0.025147 0.000000 0.027587 0.027587 0.000000 0.027852 0.027852 0.000000 
0.032085 0.032085 0.000000 0.032376 0.032376 0.000000 0.032613 0.032613 0.000000 0.035001 0.035001 0.000000 0.039465 0.039465 0.000000 0.034437 0.034437 0.000000 0.033980 0.033980 0.000000 0.029837 0.029837 0.000000 0.020302 0.020302 0.000000 0.027996 0.027996 0.000000 0.023501 0.023501 0.000000 0.027331 0.027331 0.000000 0.022911 0.022911 0.000000 0.028283 0.028283 0.000000 0.028565 0.028565 0.000000 0.029246 0.029246 0.000000 0.027821 0.027821 0.000000 0.026637 0.026637 0.000000 0.028808 0.028808 0.000000 0.029607 0.029607 0.000000 0.030770 0.030770 0.000000 
0.031310 0.031310 0.000000 0.031188 0.031188 0.000000 0.031193 0.031193 0.000000 0.027103 0.027103 0.000000 0.035978 0.035978 0.000000 0.034969 0.034969 0.000000 0.029418 0.029418 0.000000 0.027667 0.027667 0.000000 0.031030 0.031030 0.000000 0.022423 0.022423 0.000000 0.020859 0.020859 0.000000 0.026277 0.026277 0.000000 0.029643 0.029643 0.000000 0.025533 0.025533 0.000000 0.025147 0.025147 0.000000 0.025148 0.025148 0.000000 0.021265 0.021265 0.000000 0.026305 0.026305 0.000000 0.028723 0.028723 0.000000 0.034332 0.034332 0.000000 0.032011 0.032011 0.000000 
0.030938 0.030938 0.000000 0.030683 0.030683 0.000000 0.030155 0.030155 0.000000 0.031483 0.031483 0.000000 0.032733 0.032733 0.000000 0.027997 0.027997 0.000000 0.028318 0.028318 0.000000 0.026016 0.026016 0.000000 0.029837 0.029837 0.000000 0.025147 0.025147 0.000000 0.026155 0.026155 0.000000 0.027996 0.027996 0.000000 0.027809 0.027809 0.000000 0.027620 0.027620 0.000000 0.030405 0.030405 0.000000 0.025910 0.025910 0.000000 0.025148 0.025148 0.000000 0.021660 0.021660 0.000000 0.031690 0.031690 0.000000 0.031734 0.031734 0.000000 0.033087 0.033087 0.000000 
0.030938 0.030938 0.000000 0.030683 0.030683 0.000000 0.030155 0.030155 0.000000 0.031483 0.031483 0.000000 0.032733 0.032733 0.000000 0.027997 0.027997 0.000000 0.028318 0.028318 0.000000 0.026016 0.026016 0.000000 0.029837 0.029837 0.000000 0.025147 0.025147 0.000000 0.026155 0.026155 0.000000 0.027996 0.027996 0.000000 0.027809 0.027809 0.000000 0.027620 0.027620 0.000000 0.030405 0.030405 0.000000 0.025910 0.025910 0.000000 0.025148 0.025148 0.000000 0.021660 0.021660 0.000000 0.031690 0.031690 0.000000 0.031734 0.031734 0.000000 0.033087 0.033087 0.000000 
0.031310 0.031310 0.000000 0.031188 0.031188 0.000000 0.031193 0.031193 0.000000 0.027103 0.027103 0.000000 0.035978 0.035978 0.000000 0.034969 0.034969 0.000000 0.029418 0.029418 0.000000 0.027667 0.027667 0.000000 0.031030 0.031030 0.000000 0.022423 0.022423 0.000000 0.020859 0.020859 0.000000 0.026277 0.026277 0.000000 0.029643 0.029643 0.000000 0.025533 0.025533 0.000000 0.025147 0.025147 0.000000 0.025148 0.025148 0.000000 0.021265 0.021265 0.000000 0.026305 0.026305 0.000000 0.028723 0.028723 0.000000 0.034332 0.034332 0.000000 0.032011 0.032011 0.000000 
0.032085 0.032085 0.000000 0.032376 0.032376 0.000000 0.032613 0.032613 0.000000 0.035001 0.035001 0.000000 0.039465 0.039465 0.000000 0.034437 0.034437 0.000000 0.033980 0.033980 0.000000 0.029837 0.029837 0.000000 0.020302 0.020302 0.000000 0.027996 0.027996 0.000000 0.023501 0.023501 0.000000 0.027331 0.027331 0.000000 0.022911 0.022911 0.000000 0.028283 0.028283 0.000000 0.028565 0.028565 0.000000 0.029246 0.029246 0.000000 0.027821 0.027821 0.000000 0.026637 0.026637 0.000000 0.028808 0.028808 0.000000 0.029607 0.029607 0.000000 0.030770 0.030770 0.000000 
0.032923 0.032923 0.000000 0.033367 0.033367 0.000000 0.034299 0.034299 0.000000 0.035707 0.035707 0.000000 0.035024 0.035024 0.000000 0.033856 0.033856 0.000000 0.030666 0.030666 0.000000 0.027478 0.027478 0.000000 0.021660 0.021660 0.000000 0.028634 0.028634 0.000000 0.029837 0.029837 0.000000 0.026962 0.026962 0.000000 0.028944 0.028944 0.000000 0.029418 0.029418 0.000000 0.035583 0.035583 0.000000 0.029571 0.029571 0.000000 0.028841 0.028841 0.000000 0.029837 0.029837 0.000000 0.025147 0.025147 0.000000 0.027587 0.027587 0.000000 0.027852 0.027852 0.000000 
0.033469 0.033469 0.000000 0.033800 0.033800 0.000000 0.034084 0.034084 0.000000 0.033692 0.033692 0.000000 0.032515 0.032515 0.000000 0.031146 0.031146 0.000000 0.028436 0.028436 0.000000 0.026895 0.026895 0.000000 0.026479 0.026479 0.000000 0.027265 0.027265 0.000000 0.027744 0.027744 0.000000 0.025148 0.025148 0.000000 0.029485 0.029485 0.000000 0.030405 0.030405 0.000000 0.034900 0.034900 0.000000 0.025147 0.025147 0.000000 0.031826 0.031826 0.000000 0.021660 0.021660 0.000000 0.026375 0.026375 0.000000 0.026169 0.026169 0.000000 0.026603 0.026603 0.000000 
0.033682 0.033682 0.000000 0.033773 0.033773 0.000000 0.033429 0.033429 0.000000 0.032464 0.032464 0.000000 0.031077 0.031077 0.000000 0.029416 0.029416 0.000000 0.028512 0.028512 0.000000 0.027204 0.027204 0.000000 0.026931 0.026931 0.000000 0.027069 0.027069 0.000000 0.026759 0.026759 0.000000 0.027363 0.027363 0.000000 0.028231 0.028231 0.000000 0.030966 0.030966 0.000000 0.030730 0.030730 0.000000 0.031032 0.031032 0.000000 0.027966 0.027966 0.000000 0.027693 0.027693 0.000000 0.025451 0.025451 0.000000 0.026003 0.026003 0.000000 0.026086 0.026086 0.000000 
0.000000 0.000000 0.000000 0.000000 0.000000 0.000000 0.000000 0.000000 0.000000 0.000000 0.000000 0.000000 0.000000 0.000000 0.000000 0.000000 0.000000 0.000000 0.000000 0.000000 0.000000 
0.000000 0.000000 0.000000 0.000000 0.000000 0.000000 0.000000 0.000000 0.000000 0.000000 0.000000 0.000000 0.000000 0.000000 0.000000 0.000000 0.000000 0.000000 0.000000 0.000000 0.000000 
0.000000 0.000000 0.000000 0.000000 0.000000 0.000000 0.000000 0.000000 0.000000 0.000000 0.000000 0.000000 0.000000 0.000000 0.000000 0.000000 0.000000 0.000000 0.000000 0.000000 0.000000 
0.000000 0.000000 0.000000 0.000000 0.000000 0.000000 0.000000 0.000000 0.000000 0.000000 0.000000 0.000000 0.000000 0.000000 0.000000 0.000000 0.000000 0.000000 0.000000 0.000000 0.000000 
0.000000 0.000000 0.000000 0.000000 0.000000 0.000000 0.000000 0.000000 0.000000 0.000000 0.000000 0.000000 0.000000 0.000000 0.000000 0.000000 0.000000 0.000000 0.000000 0.000000 0.000000 
0.000000 0.000000 0.000000 0.000000 0.000000 0.000000 0.000000 0.000000 0.000000 0.000000 0.000000 0.000000 0.000000 0.000000 0.000000 0.000000 0.000000 0.000000 0.000000 0.000000 0.000000 
0.000000 0.000000 0.000000 0.000000 0.000000 0.000000 0.000000 0.000000 0.000000 0.000000 0.000000 0.000000 0.000000 0.000000 0.000000 0.000000 0.000000 0.000000 0.000000 0.000000 0.000000 
0.000000 0.000000 0.000000 0.000000 0.000000 0.000000 0.000000 0.000000 0.000000 0.000000 0.000000 0.000000 0.000000 0.000000 0.000000 0.000000 0.000000 0.000000 0.000000 0.000000 0.000000 
0.000000 0.000000 0.000000 0.000000 0.000000 0.000000 0.000000 0.000000 0.000000 0.000000 0.000000 0.000000 0.000000 0.000000 0.000000 0.000000 0.000000 0.000000 0.000000 0.000000 0.000000 
0.000000 0.000000 0.000000 0.000000 0.000000 0.000000 0.000000 0.000000 0.000000 0.000000 0.000000 0.000000 0.000000 0.000000 0.000000 0.000000 0.000000 0.000000 0.000000 0.000000 0.000000 
0.000000 0.000000 0.000000 0.000000 0.000000 0.000000 0.000000 0.000000 0.000000 0.000000 0.000000 0.000000 0.000000 0.000000 0.000000 0.000000 0.000000 0.000000 0.000000 0.000000 0.000000 
0.000000 0.000000 0.000000 0.000000 0.000000 0.000000 0.000000 0.000000 0.000000 0.000000 0.000000 0.000000 0.000000 0.000000 0.000000 0.000000 0.000000 0.000000 0.000000 0.000000 0.000000 
