21 12
0.043200 0.043200 0.000000 0.043080 0.043080 0.000000 0.042276 0.042276 0.000000 0.040517 0.040517 0.000000 0.038254 0.038254 0.000000 0.036065 0.036065 0.000000 0.035375 0.035375 0.000000 0.034908 0.034908 0.000000 0.036302 0.036302 0.000000 0.038065 0.038065 0.000000 0.039111 0.039111 0.000000 0.039313 0.039313 0.000000 0.039575 0.039575 0.000000 0.041639 0.041639 0.000000 0.041063 0.041063 0.000000 0.039791 0.039791 0.000000 0.036445 0.036445 0.000000 0.036216 0.036216 0.000000 0.036275 0.036275 0.000000 0.036067 0.036067 0.000000 0.036029 0.036029 0.000000 
0.043136 0.043136 0.000000 0.043383 0.043383 0.000000 0.043559 0.043559 0.000000 0.042637 0.042637 0.000000 0.040430 0.040430 0.000000 0.038037 0.038037 0.000000 0.034627 0.034627 0.000000 0.033665 0.033665 0.000000 0.034951 0.034951 0.000000 0.038161 0.038161 0.000000 0.039719 0.039719 0.000000 0.039420 0.039420 0.000000 0.038996 0.038996 0.000000 0.040540 0.040540 0.000000 0.046533 0.046533 0.000000 0.033530 0.033530 0.000000 0.035515 0.035515 0.000000 0.036668 0.036668 0.000000 0.035934 0.035934 0.000000 0.035991 0.035991 0.000000 0.036163 0.036163 0.000000 
0.042802 0.042802 0.000000 0.043276 0.043276 0.000000 0.044366 0.044366 0.000000 0.046283 0.046283 0.000000 0.044601 0.044601 0.000000 0.041954 0.041954 0.000000 0.036841 0.036841 0.000000 0.033180 0.033180 0.000000 0.028882 0.028882 0.000000 0.038178 0.038178 0.000000 0.043322 0.043322 0.000000 0.037115 0.037115 0.000000 0.037328 0.037328 0.000000 0.039314 0.039314 0.000000 0.040540 0.040540 0.000000 0.040540 0.040540 0.000000 0.038996 0.038996 0.000000 0.035515 0.035515 0.000000 0.035309 0.035309 0.000000 0.036429 0.036429 0.000000 0.036739 0.036739 0.000000 
0.042093 0.042093 0.000000 0.042429 0.042429 0.000000 0.042694 0.042694 0.000000 0.045586 0.045586 0.000000 0.052619 0.052619 0.000000 0.042866 0.042866 0.000000 0.037329 0.037329 0.000000 0.039523 0.039523 0.000000 0.022888 0.022888 0.000000 0.037328 0.037328 0.000000 0.032680 0.032680 0.000000 0.037329 0.037329 0.000000 0.030548 0.030548 0.000000 0.032093 0.032093 0.000000 0.036622 0.036622 0.000000 0.041977 0.041977 0.000000 0.030867 0.030867 0.000000 0.032093 0.032093 0.000000 0.036634 0.036634 0.000000 0.037757 0.037757 0.000000 0.038313 0.038313 0.000000 
0.041360 0.041360 0.000000 0.041243 0.041243 0.000000 0.041252 0.041252 0.000000 0.036137 0.036137 0.000000 0.045776 0.045776 0.000000 0.039314 0.039314 0.000000 0.040540 0.040540 0.000000 0.028881 0.028881 0.000000 0.032461 0.032461 0.000000 0.032093 0.032093 0.000000 0.028881 0.028881 0.000000 0.034874 0.034874 0.000000 0.039523 0.039523 0.000000 0.037328 0.037328 0.000000 0.028882 0.028882 0.000000 0.037328 0.037328 0.000000 0.027995 0.027995 0.000000 0.035891 0.035891 0.000000 0.038179 0.038179 0.000000 0.040540 0.040540 0.000000 0.039631 0.039631 0.000000 
0.040991 0.040991 0.000000 0.040736 0.040736 0.000000 0.040207 0.040207 0.000000 0.041977 0.041977 0.000000 0.041030 0.041030 0.000000 0.031335 0.031335 0.000000 0.037900 0.037900 0.000000 0.025496 0.025496 0.000000 0.037899 0.037899 0.000000 0.036137 0.036137 0.000000 0.039782 0.039782 0.000000 0.034874 0.034874 0.000000 0.034744 0.034744 0.000000 0.038011 0.038011 0.000000 0.041509 0.041509 0.000000 0.035891 0.035891 0.000000 0.038455 0.038455 0.000000 0.026100 0.026100 0.000000 0.041509 0.041509 0.000000 0.040478 0.040478 0.000000 0.040509 0.040509 0.000000 
0.040991 0.040991 0.000000 0.040736 0.040736 0.000000 0.040207 0.040207 0.000000 0.041977 0.041977 0.000000 0.041030 0.041030 0.000000 0.031335 0.031335 0.000000 0.037900 0.037900 0.000000 0.025496 0.025496 0.000000 0.037899 0.037899 0.000000 0.036137 0.036137 0.000000 0.039782 0.039782 0.000000 0.034874 0.034874 0.000000 0.034744 0.034744 0.000000 0.038011 0.038011 0.000000 0.041509 0.041509 0.000000 0.035891 0.035891 0.000000 0.038455 0.038455 0.000000 0.026100 0.026100 0.000000 0.041509 0.041509 0.000000 0.040478 0.040478 0.000000 0.040509 0.040509 0.000000 
0.041360 0.041360 0.000000 0.041243 0.041243 0.000000 0.041252 0.041252 0.000000 0.036137 0.036137 0.000000 0.045776 0.045776 0.000000 0.039314 0.039314 0.000000 0.040540 0.040540 0.000000 0.028881 0.028881 0.000000 0.032461 0.032461 0.000000 0.032093 0.032093 0.000000 0.028881 0.028881 0.000000 0.034874 0.034874 0.000000 0.039523 0.039523 0.000000 0.037328 0.037328 0.000000 0.028882 0.028882 0.000000 0.037328 0.037328 0.000000 0.027995 0.027995 0.000000 0.035891 0.035891 0.000000 0.038179 0.038179 0.000000 0.040540 0.040540 0.000000 0.039631 0.039631 0.000000 
0.042093 0.042093 0.000000 0.042429 0.042429 0.000000 0.042694 0.042694 0.000000 0.045586 0.045586 0.000000 0.052619 0.052619 0.000000 0.042866 0.042866 0.000000 0.037329 0.037329 0.000000 0.039523 0.039523 0.000000 0.022888 0.022888 0.000000 0.037328 0.037328 0.000000 0.032680 0.032680 0.000000 0.037329 0.037329 0.000000 0.030548 0.030548 0.000000 0.032093 0.032093 0.000000 0.036622 0.036622 0.000000 0.041977 0.041977 0.000000 0.030867 0.030867 0.000000 0.032093 0.032093 0.000000 0.036634 0.036634 0.000000 0.037757 0.037757 0.000000 0.038313 0.038313 0.000000 
0.042802 0.042802 0.000000 0.043276 0.043276 0.000000 0.044366 0.044366 0.000000 0.046283 0.046283 0.000000 0.044601 0.044601 0.000000 0.041954 0.041954 0.000000 0.036841 0.036841 0.000000 0.033180 0.033180 0.000000 0.028882 0.028882 0.000000 0.038178 0.038178 0.000000 0.043322 0.043322 0.000000 0.037115 0.037115 0.000000 0.037328 0.037328 0.000000 0.039314 0.039314 0.000000 0.040540 0.040540 0.000000 0.040540 0.040540 0.000000 0.038996 0.038996 0.000000 0.035515 0.035515 0.000000 0.035309 0.035309 0.000000 0.036429 0.036429 0.000000 0.036739 0.036739 0.000000 
0.043136 0.043136 0.000000 0.043383 0.043383 0.000000 0.043559 0.043559 0.000000 0.042637 0.042637 0.000000 0.040430 0.040430 0.000000 0.038037 0.038037 0.000000 0.034627 0.034627 0.000000 0.033665 0.033665 0.000000 0.034951 0.034951 0.000000 0.038161 0.038161 0.000000 0.039719 0.039719 0.000000 0.039420 0.039420 0.000000 0.038996 0.038996 0.000000 0.040540 0.040540 0.000000 0.046533 0.046533 0.000000 0.033530 0.033530 0.000000 0.035515 0.035515 0.000000 0.036668 0.036668 0.000000 0.035934 0.035934 0.000000 0.035991 0.035991 0.000000 0.036163 0.036163 0.000000 
0.043200 0.043200 0.000000 0.043080 0.043080 0.000000 0.042276 0.042276 0.000000 0.040517 0.040517 0.000000 0.038254 0.038254 0.000000 0.036065 0.036065 0.000000 0.035375 0.035375 0.000000 0.034908 0.034908 0.000000 0.036302 0.036302 0.000000 0.038065 0.038065 0.000000 0.039111 0.039111 0.000000 0.039313 0.039313 0.000000 0.039575 0.039575 0.000000 0.041639 0.041639 0.000000 0.041063 0.041063 0.000000 0.039791 0.039791 0.000000 0.036445 0.036445 0.000000 0.036216 0.036216 0.000000 0.036275 0.036275 0.000000 0.036067 0.036067 0.000000 0.036029 0.036029 0.000000 
0.000000 0.000000 0.000000 0.000000 0.000000 0.000000 0.000000 0.000000 0.000000 0.000000 0.000000 0.000000 0.000000 0.000000 0.000000 0.000000 0.000000 0.000000 0.000000 0.000000 0.000000 
0.000000 0.000000 0.000000 0.000000 0.000000 0.000000 0.000000 0.000000 0.000000 0.000000 0.000000 0.000000 0.000000 0.000000 0.000000 0.000000 0.000000 0.000000 0.000000 0.000000 0.000000 
0.000000 0.000000 0.000000 0.000000 0.000000 0.000000 0.000000 0.000000 0.000000 0.000000 0.000000 0.000000 0.000000 0.000000 0.000000 0.000000 0.000000 0.000000 0.000000 0.000000 0.000000 
0.000000 0.000000 0.000000 0.000000 0.000000 0.000000 0.000000 0.000000 0.000000 0.000000 0.000000 0.000000 0.000000 0.000000 0.000000 0.000000 0.000000 0.000000 0.000000 0.000000 0.000000 
0.000000 0.000000 0.000000 0.000000 0.000000 0.000000 0.000000 0.000000 0.000000 0.000000 0.000000 0.000000 0.000000 0.000000 0.000000 0.000000 0.000000 0.000000 0.000000 0.000000 0.000000 
0.000000 0.000000 0.000000 0.000000 0.000000 0.000000 0.000000 0.000000 0.000000 0.000000 0.000000 0.000000 0.000000 0.000000 0.000000 0.000000 0.000000 0.000000 0.000000 0.000000 0.000000 
0.000000 0.000000 0.000000 0.000000 0.000000 0.000000 0.000000 0.000000 0.000000 0.000000 0.000000 0.000000 0.000000 0.000000 0.000000 0.000000 0.000000 0.000000 0.000000 0.000000 0.000000 
0.000000 0.000000 0.000000 0.000000 0.000000 0.000000 0.000000 0.000000 0.000000 0.000000 0.000000 0.000000 0.000000 0.000000 0.000000 0.000000 0.000000 0.000000 0.000000 0.000000 0.000000 
0.000000 0.000000 0.000000 0.000000 0.000000 0.000000 0.000000 0.000000 0.000000 0.000000 0.000000 0.000000 0.000000 0.000000 0.000000 0.000000 0.000000 0.000000 0.000000 0.000000 0.000000 
0.000000 0.000000 0.000000 0.000000 0.000000 0.000000 0.000000 0.000000 0.000000 0.000000 0.000000 0.000000 0.000000 0.000000 0.000000 0.000000 0.000000 0.000000 0.000000 0.000000 0.000000 
0.000000 0.000000 0.000000 0.000000 0.000000 0.000000 0.000000 0.000000 0.000000 0.000000 0.000000 0.000000 0.000000 0.000000 0.000000 0.000000 0.000000 0.000000 0.000000 0.000000 0.000000 
0.000000 0.000000 0.000000 0.000000 0.000000 0.000000 0.000000 0.000000 0.000000 0.000000 0.000000 0.000000 0.000000 0.000000 0.000000 0.000000 0.000000 0.000000 0.000000 0.000000 0.000000 
