21 12
0.033475 0.033475 0.000000 0.033980 0.033980 0.000000 0.033909 0.033909 0.000000 0.032991 0.032991 0.000000 0.031566 0.031566 0.000000 0.029929 0.029929 0.000000 0.029029 0.029029 0.000000 0.027440 0.027440 0.000000 0.026263 0.026263 0.000000 0.025116 0.025116 0.000000 0.023327 0.023327 0.000000 0.024639 0.024639 0.000000 0.025518 0.025518 0.000000 0.028882 0.028882 0.000000 0.030293 0.030293 0.000000 0.031792 0.031792 0.000000 0.029485 0.029485 0.000000 0.027412 0.027412 0.000000 0.025085 0.025085 0.000000 0.025116 0.025116 0.000000 0.025179 0.025179 0.000000 
0.032782 0.032782 0.000000 0.033621 0.033621 0.000000 0.034401 0.034401 0.000000 0.034280 0.034280 0.000000 0.033085 0.033085 0.000000 0.031587 0.031587 0.000000 0.029102 0.029102 0.000000 0.027787 0.027787 0.000000 0.026494 0.026494 0.000000 0.025549 0.025549 0.000000 0.024990 0.024990 0.000000 0.019029 0.019029 0.000000 0.030112 0.030112 0.000000 0.026292 0.026292 0.000000 0.032569 0.032569 0.000000 0.032433 0.032433 0.000000 0.029126 0.029126 0.000000 0.022009 0.022009 0.000000 0.025022 0.025022 0.000000 0.025210 0.025210 0.000000 0.025518 0.025518 0.000000 
0.031294 0.031294 0.000000 0.032196 0.032196 0.000000 0.033909 0.033909 0.000000 0.036288 0.036288 0.000000 0.035868 0.035868 0.000000 0.034522 0.034522 0.000000 0.030845 0.030845 0.000000 0.028609 0.028609 0.000000 0.024832 0.024832 0.000000 0.026437 0.026437 0.000000 0.024895 0.024895 0.000000 0.027386 0.027386 0.000000 0.027412 0.027412 0.000000 0.021503 0.021503 0.000000 0.031628 0.031628 0.000000 0.031483 0.031483 0.000000 0.029222 0.029222 0.000000 0.024346 0.024346 0.000000 0.024347 0.024347 0.000000 0.026117 0.026117 0.000000 0.026205 0.026205 0.000000 
0.029319 0.029319 0.000000 0.029883 0.029883 0.000000 0.030315 0.030315 0.000000 0.034470 0.034470 0.000000 0.040942 0.040942 0.000000 0.035324 0.035324 0.000000 0.034418 0.034418 0.000000 0.029151 0.029151 0.000000 0.024958 0.024958 0.000000 0.016903 0.016903 0.000000 0.015286 0.015286 0.000000 0.026379 0.026379 0.000000 0.017879 0.017879 0.000000 0.026437 0.026437 0.000000 0.031711 0.031711 0.000000 0.034383 0.034383 0.000000 0.033566 0.033566 0.000000 0.026580 0.026580 0.000000 0.027653 0.027653 0.000000 0.026919 0.026919 0.000000 0.027085 0.027085 0.000000 
0.027600 0.027600 0.000000 0.027331 0.027331 0.000000 0.027467 0.027467 0.000000 0.020611 0.020611 0.000000 0.036605 0.036605 0.000000 0.034556 0.034556 0.000000 0.032839 0.032839 0.000000 0.023431 0.023431 0.000000 0.028203 0.028203 0.000000 0.022972 0.022972 0.000000 0.023292 0.023292 0.000000 0.027945 0.027945 0.000000 0.031975 0.031975 0.000000 0.030427 0.030427 0.000000 0.029030 0.029030 0.000000 0.028126 0.028126 0.000000 0.027359 0.027359 0.000000 0.032432 0.032432 0.000000 0.026608 0.026608 0.000000 0.026722 0.026722 0.000000 0.027277 0.027277 0.000000 
0.026806 0.026806 0.000000 0.026292 0.026292 0.000000 0.025053 0.025053 0.000000 0.027997 0.027997 0.000000 0.030758 0.030758 0.000000 0.033235 0.033235 0.000000 0.022497 0.022497 0.000000 0.024542 0.024542 0.000000 0.022160 0.022160 0.000000 0.031082 0.031082 0.000000 0.028684 0.028684 0.000000 0.029532 0.029532 0.000000 0.034928 0.034928 0.000000 0.030780 0.030780 0.000000 0.037382 0.037382 0.000000 0.030225 0.030225 0.000000 0.025700 0.025700 0.000000 0.026205 0.026205 0.000000 0.028022 0.028022 0.000000 0.027440 0.027440 0.000000 0.027222 0.027222 0.000000 
0.026806 0.026806 0.000000 0.026292 0.026292 0.000000 0.025053 0.025053 0.000000 0.027997 0.027997 0.000000 0.030758 0.030758 0.000000 0.033235 0.033235 0.000000 0.022497 0.022497 0.000000 0.024542 0.024542 0.000000 0.022160 0.022160 0.000000 0.031082 0.031082 0.000000 0.028684 0.028684 0.000000 0.029532 0.029532 0.000000 0.034928 0.034928 0.000000 0.030780 0.030780 0.000000 0.037382 0.037382 0.000000 0.030225 0.030225 0.000000 0.025700 0.025700 0.000000 0.026205 0.026205 0.000000 0.028022 0.028022 0.000000 0.027440 0.027440 0.000000 0.027222 0.027222 0.000000 
0.027600 0.027600 0.000000 0.027331 0.027331 0.000000 0.027467 0.027467 0.000000 0.020611 0.020611 0.000000 0.036605 0.036605 0.000000 0.034556 0.034556 0.000000 0.032839 0.032839 0.000000 0.023431 0.023431 0.000000 0.028203 0.028203 0.000000 0.022972 0.022972 0.000000 0.023292 0.023292 0.000000 0.027945 0.027945 0.000000 0.031975 0.031975 0.000000 0.030427 0.030427 0.000000 0.029030 0.029030 0.000000 0.028126 0.028126 0.000000 0.027359 0.027359 0.000000 0.032432 0.032432 0.000000 0.026608 0.026608 0.000000 0.026722 0.026722 0.000000 0.027277 0.027277 0.000000 
0.029319 0.029319 0.000000 0.029883 0.029883 0.000000 0.030315 0.030315 0.000000 0.034470 0.034470 0.000000 0.040942 0.040942 0.000000 0.035324 0.035324 0.000000 0.034418 0.034418 0.000000 0.029151 0.029151 0.000000 0.024958 0.024958 0.000000 0.016903 0.016903 0.000000 0.015286 0.015286 0.000000 0.026379 0.026379 0.000000 0.017879 0.017879 0.000000 0.026437 0.026437 0.000000 0.031711 0.031711 0.000000 0.034383 0.034383 0.000000 0.033566 0.033566 0.000000 0.026580 0.026580 0.000000 0.027653 0.027653 0.000000 0.026919 0.026919 0.000000 0.027085 0.027085 0.000000 
0.031294 0.031294 0.000000 0.032196 0.032196 0.000000 0.033909 0.033909 0.000000 0.036288 0.036288 0.000000 0.035868 0.035868 0.000000 0.034522 0.034522 0.000000 0.030845 0.030845 0.000000 0.028609 0.028609 0.000000 0.024832 0.024832 0.000000 0.026437 0.026437 0.000000 0.024895 0.024895 0.000000 0.027386 0.027386 0.000000 0.027412 0.027412 0.000000 0.021503 0.021503 0.000000 0.031628 0.031628 0.000000 0.031483 0.031483 0.000000 0.029222 0.029222 0.000000 0.024346 0.024346 0.000000 0.024347 0.024347 0.000000 0.026117 0.026117 0.000000 0.026205 0.026205 0.000000 
0.032782 0.032782 0.000000 0.033621 0.033621 0.000000 0.034401 0.034401 0.000000 0.034280 0.034280 0.000000 0.033085 0.033085 0.000000 0.031587 0.031587 0.000000 0.029102 0.029102 0.000000 0.027787 0.027787 0.000000 0.026494 0.026494 0.000000 0.025549 0.025549 0.000000 0.024990 0.024990 0.000000 0.019029 0.019029 0.000000 0.030112 0.030112 0.000000 0.026292 0.026292 0.000000 0.032569 0.032569 0.000000 0.032433 0.032433 0.000000 0.029126 0.029126 0.000000 0.022009 0.022009 0.000000 0.025022 0.025022 0.000000 0.025210 0.025210 0.000000 0.025518 0.025518 0.000000 
0.033475 0.033475 0.000000 0.033980 0.033980 0.000000 0.033909 0.033909 0.000000 0.032991 0.032991 0.000000 0.031566 0.031566 0.000000 0.029929 0.029929 0.000000 0.029029 0.029029 0.000000 0.027440 0.027440 0.000000 0.026263 0.026263 0.000000 0.025116 0.025116 0.000000 0.023327 0.023327 0.000000 0.024639 0.024639 0.000000 0.025518 0.025518 0.000000 0.028882 0.028882 0.000000 0.030293 0.030293 0.000000 0.031792 0.031792 0.000000 0.029485 0.029485 0.000000 0.027412 0.027412 0.000000 0.025085 0.025085 0.000000 0.025116 0.025116 0.000000 0.025179 0.025179 0.000000 
0.000000 0.000000 0.000000 0.000000 0.000000 0.000000 0.000000 0.000000 0.000000 0.000000 0.000000 0.000000 0.000000 0.000000 0.000000 0.000000 0.000000 0.000000 0.000000 0.000000 0.000000 
0.000000 0.000000 0.000000 0.000000 0.000000 0.000000 0.000000 0.000000 0.000000 0.000000 0.000000 0.000000 0.000000 0.000000 0.000000 0.000000 0.000000 0.000000 0.000000 0.000000 0.000000 
0.000000 0.000000 0.000000 0.000000 0.000000 0.000000 0.000000 0.000000 0.000000 0.000000 0.000000 0.000000 0.000000 0.000000 0.000000 0.000000 0.000000 0.000000 0.000000 0.000000 0.000000 
0.000000 0.000000 0.000000 0.000000 0.000000 0.000000 0.000000 0.000000 0.000000 0.000000 0.000000 0.000000 0.000000 0.000000 0.000000 0.000000 0.000000 0.000000 0.000000 0.000000 0.000000 
0.000000 0.000000 0.000000 0.000000 0.000000 0.000000 0.000000 0.000000 0.000000 0.000000 0.000000 0.000000 0.000000 0.000000 0.000000 0.000000 0.000000 0.000000 0.000000 0.000000 0.000000 
0.000000 0.000000 0.000000 0.000000 0.000000 0.000000 0.000000 0.000000 0.000000 0.000000 0.000000 0.000000 0.000000 0.000000 0.000000 0.000000 0.000000 0.000000 0.000000 0.000000 0.000000 
0.000000 0.000000 0.000000 0.000000 0.000000 0.000000 0.000000 0.000000 0.000000 0.000000 0.000000 0.000000 0.000000 0.000000 0.000000 0.000000 0.000000 0.000000 0.000000 0.000000 0.000000 
0.000000 0.000000 0.000000 0.000000 0.000000 0.000000 0.000000 0.000000 0.000000 0.000000 0.000000 0.000000 0.000000 0.000000 0.000000 0.000000 0.000000 0.000000 0.000000 0.000000 0.000000 
0.000000 0.000000 0.000000 0.000000 0.000000 0.000000 0.000000 0.000000 0.000000 0.000000 0.000000 0.000000 0.000000 0.000000 0.000000 0.000000 0.000000 0.000000 0.000000 0.000000 0.000000 
0.000000 0.000000 0.000000 0.000000 0.000000 0.000000 0.000000 0.000000 0.000000 0.000000 0.000000 0.000000 0.000000 0.000000 0.000000 0.000000 0.000000 0.000000 0.000000 0.000000 0.000000 
0.000000 0.000000 0.000000 0.000000 0.000000 0.000000 0.000000 0.000000 0.000000 0.000000 0.000000 0.000000 0.000000 0.000000 0.000000 0.000000 0.000000 0.000000 0.000000 0.000000 0.000000 
0.000000 0.000000 0.000000 0.000000 0.000000 0.000000 0.000000 0.000000 0.000000 0.000000 0.000000 0.000000 0.000000 0.000000 0.000000 0.000000 0.000000 0.000000 0.000000 0.000000 0.000000 
