21 12
0.048125 0.048125 0.000000 0.047276 0.047276 0.000000 0.046212 0.046212 0.000000 0.044997 0.044997 0.000000 0.043916 0.043916 0.000000 0.042980 0.042980 0.000000 0.042315 0.042315 0.000000 0.040864 0.040864 0.000000 0.039277 0.039277 0.000000 0.037731 0.037731 0.000000 0.036679 0.036679 0.000000 0.036870 0.036870 0.000000 0.037577 0.037577 0.000000 0.038949 0.038949 0.000000 0.039775 0.039775 0.000000 0.040228 0.040228 0.000000 0.040600 0.040600 0.000000 0.040243 0.040243 0.000000 0.039271 0.039271 0.000000 0.038365 0.038365 0.000000 0.037820 0.037820 0.000000 
0.048868 0.048868 0.000000 0.048204 0.048204 0.000000 0.047365 0.047365 0.000000 0.046209 0.046209 0.000000 0.044802 0.044802 0.000000 0.043926 0.043926 0.000000 0.042666 0.042666 0.000000 0.041677 0.041677 0.000000 0.039646 0.039646 0.000000 0.037802 0.037802 0.000000 0.036657 0.036657 0.000000 0.035515 0.035515 0.000000 0.038518 0.038518 0.000000 0.039204 0.039204 0.000000 0.039679 0.039679 0.001434 0.038513 0.038513 0.003984 0.040343 0.040343 0.001434 0.039016 0.039016 0.000000 0.038515 0.038515 0.000000 0.037259 0.037259 0.000000 0.037638 0.037638 0.000000 
0.050106 0.050106 0.000000 0.049756 0.049756 0.000000 0.049285 0.049285 0.000000 0.048673 0.048673 0.000000 0.047104 0.047104 0.000000 0.044971 0.044971 0.000000 0.044074 0.044074 0.000000 0.042168 0.042168 0.000000 0.040548 0.040548 0.000000 0.037719 0.037719 0.000000 0.035984 0.035984 0.000000 0.037328 0.037328 0.000000 0.041509 0.041509 0.000000 0.038600 0.038600 0.001277 0.032830 0.032830 0.008995 0.039152 0.039152 0.011673 0.033957 0.033957 0.008995 0.039901 0.039901 0.001277 0.033530 0.033530 0.000000 0.037269 0.037269 0.000000 0.037699 0.037699 0.000000 
0.051201 0.051201 0.000000 0.051122 0.051122 0.000000 0.051029 0.051029 0.000000 0.050866 0.050866 0.000000 0.051241 0.051241 0.000000 0.047501 0.047501 0.000000 0.045340 0.045340 0.000000 0.044584 0.044584 0.000000 0.041141 0.041141 0.000000 0.037983 0.037983 0.000000 0.035262 0.035262 0.000000 0.033530 0.033530 0.000000 0.035695 0.035695 0.000000 0.033869 0.033869 0.006918 0.035785 0.035785 0.015074 0.023380 0.023380 0.018162 0.041940 0.041940 0.015074 0.035449 0.035449 0.006918 0.038077 0.038077 0.000000 0.038544 0.038544 0.000000 0.039065 0.039065 0.000000 
0.051879 0.051879 0.000000 0.051972 0.051972 0.000000 0.052082 0.052082 0.000000 0.052300 0.052300 0.000000 0.052386 0.052386 0.000000 0.057762 0.057762 0.000000 0.037329 0.037329 0.000000 0.037328 0.037328 0.000000 0.044989 0.044989 0.000000 0.039523 0.039523 0.000000 0.028882 0.028882 0.000000 0.035516 0.035516 0.000000 0.033530 0.033530 0.000000 0.023488 0.023488 0.010787 0.030663 0.030663 0.019754 0.019845 0.019845 0.022980 0.016809 0.016809 0.019754 0.030591 0.030591 0.010787 0.040540 0.040540 0.000000 0.041189 0.041189 0.000000 0.040785 0.040785 0.000000 
0.052125 0.052125 0.000000 0.052278 0.052278 0.000000 0.052472 0.052472 0.000000 0.052643 0.052643 0.000000 0.052896 0.052896 0.000000 0.049956 0.049956 0.000000 0.031335 0.031335 0.000000 0.045776 0.045776 0.000000 0.033530 0.033530 0.000000 0.038996 0.038996 0.000000 0.032680 0.032680 0.000000 0.031335 0.031335 0.000000 0.044172 0.044172 0.000000 0.027131 0.027131 0.012798 0.030686 0.030686 0.022581 0.024026 0.024026 0.022980 0.011596 0.011596 0.022581 0.025694 0.025694 0.012798 0.043322 0.043322 0.000000 0.042435 0.042435 0.000000 0.041821 0.041821 0.000000 
0.052125 0.052125 0.000000 0.052278 0.052278 0.000000 0.052472 0.052472 0.000000 0.052643 0.052643 0.000000 0.052896 0.052896 0.000000 0.049956 0.049956 0.000000 0.031335 0.031335 0.000000 0.045776 0.045776 0.000000 0.033530 0.033530 0.000000 0.038996 0.038996 0.000000 0.032680 0.032680 0.000000 0.031335 0.031335 0.000000 0.044172 0.044172 0.000000 0.027131 0.027131 0.012798 0.030686 0.030686 0.022581 0.024026 0.024026 0.022980 0.011596 0.011596 0.022581 0.025694 0.025694 0.012798 0.043322 0.043322 0.000000 0.042435 0.042435 0.000000 0.041821 0.041821 0.000000 
0.051879 0.051879 0.000000 0.051972 0.051972 0.000000 0.052082 0.052082 0.000000 0.052300 0.052300 0.000000 0.052386 0.052386 0.000000 0.057762 0.057762 0.000000 0.037329 0.037329 0.000000 0.037328 0.037328 0.000000 0.044989 0.044989 0.000000 0.039523 0.039523 0.000000 0.028882 0.028882 0.000000 0.035516 0.035516 0.000000 0.033530 0.033530 0.000000 0.023488 0.023488 0.010787 0.030663 0.030663 0.019754 0.019845 0.019845 0.022980 0.016809 0.016809 0.019754 0.030591 0.030591 0.010787 0.040540 0.040540 0.000000 0.041189 0.041189 0.000000 0.040785 0.040785 0.000000 
0.051201 0.051201 0.000000 0.051122 0.051122 0.000000 0.051029 0.051029 0.000000 0.050866 0.050866 0.000000 0.051241 0.051241 0.000000 0.047501 0.047501 0.000000 0.045340 0.045340 0.000000 0.044584 0.044584 0.000000 0.041141 0.041141 0.000000 0.037983 0.037983 0.000000 0.035262 0.035262 0.000000 0.033530 0.033530 0.000000 0.035695 0.035695 0.000000 0.033869 0.033869 0.006918 0.035785 0.035785 0.015074 0.023380 0.023380 0.018162 0.041940 0.041940 0.015074 0.035449 0.035449 0.006918 0.038077 0.038077 0.000000 0.038544 0.038544 0.000000 0.039065 0.039065 0.000000 
0.050106 0.050106 0.000000 0.049756 0.049756 0.000000 0.049285 0.049285 0.000000 0.048673 0.048673 0.000000 0.047104 0.047104 0.000000 0.044971 0.044971 0.000000 0.044074 0.044074 0.000000 0.042168 0.042168 0.000000 0.040548 0.040548 0.000000 0.037719 0.037719 0.000000 0.035984 0.035984 0.000000 0.037328 0.037328 0.000000 0.041509 0.041509 0.000000 0.038600 0.038600 0.001277 0.032830 0.032830 0.008995 0.039152 0.039152 0.011673 0.033957 0.033957 0.008995 0.039901 0.039901 0.001277 0.033530 0.033530 0.000000 0.037269 0.037269 0.000000 0.037699 0.037699 0.000000 
0.048868 0.048868 0.000000 0.048204 0.048204 0.000000 0.047365 0.047365 0.000000 0.046209 0.046209 0.000000 0.044802 0.044802 0.000000 0.043926 0.043926 0.000000 0.042666 0.042666 0.000000 0.041677 0.041677 0.000000 0.039646 0.039646 0.000000 0.037802 0.037802 0.000000 0.036657 0.036657 0.000000 0.035515 0.035515 0.000000 0.038518 0.038518 0.000000 0.039204 0.039204 0.000000 0.039679 0.039679 0.001434 0.038513 0.038513 0.003984 0.040343 0.040343 0.001434 0.039016 0.039016 0.000000 0.038515 0.038515 0.000000 0.037259 0.037259 0.000000 0.037638 0.037638 0.000000 
0.048125 0.048125 0.000000 0.047276 0.047276 0.000000 0.046212 0.046212 0.000000 0.044997 0.044997 0.000000 0.043916 0.043916 0.000000 0.042980 0.042980 0.000000 0.042315 0.042315 0.000000 0.040864 0.040864 0.000000 0.039277 0.039277 0.000000 0.037731 0.037731 0.000000 0.036679 0.036679 0.000000 0.036870 0.036870 0.000000 0.037577 0.037577 0.000000 0.038949 0.038949 0.000000 0.039775 0.039775 0.000000 0.040228 0.040228 0.000000 0.040600 0.040600 0.000000 0.040243 0.040243 0.000000 0.039271 0.039271 0.000000 0.038365 0.038365 0.000000 0.037820 0.037820 0.000000 
0.000000 0.000000 0.000000 0.000000 0.000000 0.000000 0.000000 0.000000 0.000000 0.000000 0.000000 0.000000 0.000000 0.000000 0.000000 0.000000 0.000000 0.000000 0.000000 0.000000 0.000000 
0.000000 0.000000 0.000000 0.000000 0.000000 0.000000 0.000000 0.000000 0.000000 0.000000 0.000000 0.000000 0.000000 0.000000 0.000000 0.000000 0.000000 0.000000 0.000000 0.000000 0.000000 
0.000000 0.000000 0.000000 0.000000 0.000000 0.000000 0.000000 0.000000 0.000000 0.000000 0.000000 0.000000 0.000000 0.000000 0.000000 0.000000 0.000000 0.000000 0.000000 0.000000 0.000000 
0.000000 0.000000 0.000000 0.000000 0.000000 0.000000 0.000000 0.000000 0.000000 0.000000 0.000000 0.000000 0.000000 0.000000 0.000000 0.000000 0.000000 0.000000 0.000000 0.000000 0.000000 
0.000000 0.000000 0.000000 0.000000 0.000000 0.000000 0.000000 0.000000 0.000000 0.000000 0.000000 0.000000 0.000000 0.000000 0.000000 0.000000 0.000000 0.000000 0.000000 0.000000 0.000000 
0.000000 0.000000 0.000000 0.000000 0.000000 0.000000 0.000000 0.000000 0.000000 0.000000 0.000000 0.000000 0.000000 0.000000 0.000000 0.000000 0.000000 0.000000 0.000000 0.000000 0.000000 
0.000000 0.000000 0.000000 0.000000 0.000000 0.000000 0.000000 0.000000 0.000000 0.000000 0.000000 0.000000 0.000000 0.000000 0.000000 0.000000 0.000000 0.000000 0.000000 0.000000 0.000000 
0.000000 0.000000 0.000000 0.000000 0.000000 0.000000 0.000000 0.000000 0.000000 0.000000 0.000000 0.000000 0.000000 0.000000 0.000000 0.000000 0.000000 0.000000 0.000000 0.000000 0.000000 
0.000000 0.000000 0.000000 0.000000 0.000000 0.000000 0.000000 0.000000 0.000000 0.000000 0.000000 0.000000 0.000000 0.000000 0.000000 0.000000 0.000000 0.000000 0.000000 0.000000 0.000000 
0.000000 0.000000 0.000000 0.000000 0.000000 0.000000 0.000000 0.000000 0.000000 0.000000 0.000000 0.000000 0.000000 0.000000 0.000000 0.000000 0.000000 0.000000 0.000000 0.000000 0.000000 
0.000000 0.000000 0.000000 0.000000 0.000000 0.000000 0.000000 0.000000 0.000000 0.000000 0.000000 0.000000 0.000000 0.000000 0.000000 0.000000 0.000000 0.000000 0.000000 0.000000 0.000000 
0.000000 0.000000 0.000000 0.000000 0.000000 0.000000 0.000000 0.000000 0.000000 0.000000 0.000000 0.000000 0.000000 0.000000 0.000000 0.000000 0.000000 0.000000 0.000000 0.000000 0.000000 
