21 12
0.042768 0.042768 0.000000 0.042980 0.042980 0.000000 0.042980 0.042980 0.000000 0.042660 0.042660 0.000000 0.042005 0.042005 0.000000 0.040923 0.040923 0.000000 0.039936 0.039936 0.000000 0.037775 0.037775 0.000000 0.035363 0.035363 0.000000 0.033024 0.033024 0.000000 0.031103 0.031103 0.000000 0.031928 0.031928 0.000000 0.034625 0.034625 0.000000 0.038476 0.038476 0.000000 0.040361 0.040361 0.000000 0.040777 0.040777 0.000000 0.040300 0.040300 0.000000 0.039219 0.039219 0.000000 0.038411 0.038411 0.000000 0.037877 0.037877 0.000000 0.037570 0.037570 0.000000 
0.042499 0.042499 0.000000 0.042821 0.042821 0.000000 0.043112 0.043112 0.000000 0.043164 0.043164 0.000000 0.042767 0.042767 0.000000 0.042253 0.042253 0.000000 0.040451 0.040451 0.000000 0.038738 0.038738 0.000000 0.035629 0.035629 0.000000 0.033024 0.033024 0.000000 0.031973 0.031973 0.000000 0.028085 0.028085 0.000000 0.036149 0.036149 0.000000 0.040835 0.040835 0.000000 0.040525 0.040525 0.001434 0.038726 0.038726 0.003984 0.038566 0.038566 0.001434 0.038011 0.038011 0.000000 0.037877 0.037877 0.000000 0.037224 0.037224 0.000000 0.037501 0.037501 0.000000 
0.041865 0.041865 0.000000 0.042253 0.042253 0.000000 0.042848 0.042848 0.000000 0.043708 0.043708 0.000000 0.044063 0.044063 0.000000 0.043632 0.043632 0.000000 0.042444 0.042444 0.000000 0.039844 0.039844 0.000000 0.035402 0.035402 0.000000 0.032593 0.032593 0.000000 0.031656 0.031656 0.000000 0.035248 0.035248 0.000000 0.041528 0.041528 0.000000 0.037871 0.037871 0.001277 0.036278 0.036278 0.008995 0.033603 0.033603 0.011673 0.031281 0.031281 0.008995 0.037573 0.037573 0.001277 0.034387 0.034387 0.000000 0.037259 0.037259 0.000000 0.037258 0.037258 0.000000 
0.041040 0.041040 0.000000 0.041271 0.041271 0.000000 0.041726 0.041726 0.000000 0.042660 0.042660 0.000000 0.045237 0.045237 0.000000 0.044973 0.044973 0.000000 0.045891 0.045891 0.000000 0.040570 0.040570 0.000000 0.033983 0.033983 0.000000 0.032418 0.032418 0.000000 0.031195 0.031195 0.000000 0.034226 0.034226 0.000000 0.042253 0.042253 0.000000 0.051402 0.051402 0.006918 0.046593 0.046593 0.015074 0.005772 0.005772 0.018162 0.043668 0.043668 0.015074 0.036781 0.036781 0.006918 0.038900 0.038900 0.000000 0.037259 0.037259 0.000000 0.037843 0.037843 0.000000 
0.040300 0.040300 0.000000 0.040210 0.040210 0.000000 0.040149 0.040149 0.000000 0.040179 0.040179 0.000000 0.040836 0.040836 0.000000 0.050810 0.050810 0.000000 0.039502 0.039502 0.000000 0.032505 0.032505 0.000000 0.045799 0.045799 0.000000 0.018239 0.018239 0.000000 0.023904 0.023904 0.000000 0.043060 0.043060 0.000000 0.042633 0.042633 0.000000 0.030386 0.030386 0.010787 0.038052 0.038052 0.019754 0.017650 0.017650 0.022980 0.025940 0.025940 0.019754 0.036473 0.036473 0.010787 0.036077 0.036077 0.000000 0.038802 0.038802 0.000000 0.038477 0.038477 0.000000 
0.039967 0.039967 0.000000 0.039689 0.039689 0.000000 0.039250 0.039250 0.000000 0.038311 0.038311 0.000000 0.035326 0.035326 0.000000 0.027867 0.027867 0.000000 0.025979 0.025979 0.000000 0.044188 0.044188 0.000000 0.046946 0.046946 0.000000 0.031747 0.031747 0.000000 0.039997 0.039997 0.000000 0.045659 0.045659 0.000000 0.047908 0.047908 0.000000 0.023047 0.023047 0.012798 0.031978 0.031978 0.022581 0.033841 0.033841 0.022980 0.018755 0.018755 0.022581 0.034929 0.034929 0.012798 0.040391 0.040391 0.000000 0.039156 0.039156 0.000000 0.038996 0.038996 0.000000 
0.039967 0.039967 0.000000 0.039689 0.039689 0.000000 0.039250 0.039250 0.000000 0.038311 0.038311 0.000000 0.035326 0.035326 0.000000 0.027867 0.027867 0.000000 0.025979 0.025979 0.000000 0.044188 0.044188 0.000000 0.046946 0.046946 0.000000 0.031747 0.031747 0.000000 0.039997 0.039997 0.000000 0.045659 0.045659 0.000000 0.047908 0.047908 0.000000 0.023047 0.023047 0.012798 0.031978 0.031978 0.022581 0.033841 0.033841 0.022980 0.018755 0.018755 0.022581 0.034929 0.034929 0.012798 0.040391 0.040391 0.000000 0.039156 0.039156 0.000000 0.038996 0.038996 0.000000 
0.040300 0.040300 0.000000 0.040210 0.040210 0.000000 0.040149 0.040149 0.000000 0.040179 0.040179 0.000000 0.040836 0.040836 0.000000 0.050810 0.050810 0.000000 0.039502 0.039502 0.000000 0.032505 0.032505 0.000000 0.045799 0.045799 0.000000 0.018239 0.018239 0.000000 0.023904 0.023904 0.000000 0.043060 0.043060 0.000000 0.042633 0.042633 0.000000 0.030386 0.030386 0.010787 0.038052 0.038052 0.019754 0.017650 0.017650 0.022980 0.025940 0.025940 0.019754 0.036473 0.036473 0.010787 0.036077 0.036077 0.000000 0.038802 0.038802 0.000000 0.038477 0.038477 0.000000 
0.041040 0.041040 0.000000 0.041271 0.041271 0.000000 0.041726 0.041726 0.000000 0.042660 0.042660 0.000000 0.045237 0.045237 0.000000 0.044973 0.044973 0.000000 0.045891 0.045891 0.000000 0.040570 0.040570 0.000000 0.033983 0.033983 0.000000 0.032418 0.032418 0.000000 0.031195 0.031195 0.000000 0.034226 0.034226 0.000000 0.042253 0.042253 0.000000 0.051402 0.051402 0.006918 0.046593 0.046593 0.015074 0.005772 0.005772 0.018162 0.043668 0.043668 0.015074 0.036781 0.036781 0.006918 0.038900 0.038900 0.000000 0.037259 0.037259 0.000000 0.037843 0.037843 0.000000 
0.041865 0.041865 0.000000 0.042253 0.042253 0.000000 0.042848 0.042848 0.000000 0.043708 0.043708 0.000000 0.044063 0.044063 0.000000 0.043632 0.043632 0.000000 0.042444 0.042444 0.000000 0.039844 0.039844 0.000000 0.035402 0.035402 0.000000 0.032593 0.032593 0.000000 0.031656 0.031656 0.000000 0.035248 0.035248 0.000000 0.041528 0.041528 0.000000 0.037871 0.037871 0.001277 0.036278 0.036278 0.008995 0.033603 0.033603 0.011673 0.031281 0.031281 0.008995 0.037573 0.037573 0.001277 0.034387 0.034387 0.000000 0.037259 0.037259 0.000000 0.037258 0.037258 0.000000 
0.042499 0.042499 0.000000 0.042821 0.042821 0.000000 0.043112 0.043112 0.000000 0.043164 0.043164 0.000000 0.042767 0.042767 0.000000 0.042253 0.042253 0.000000 0.040451 0.040451 0.000000 0.038738 0.038738 0.000000 0.035629 0.035629 0.000000 0.033024 0.033024 0.000000 0.031973 0.031973 0.000000 0.028085 0.028085 0.000000 0.036149 0.036149 0.000000 0.040835 0.040835 0.000000 0.040525 0.040525 0.001434 0.038726 0.038726 0.003984 0.038566 0.038566 0.001434 0.038011 0.038011 0.000000 0.037877 0.037877 0.000000 0.037224 0.037224 0.000000 0.037501 0.037501 0.000000 
0.042768 0.042768 0.000000 0.042980 0.042980 0.000000 0.042980 0.042980 0.000000 0.042660 0.042660 0.000000 0.042005 0.042005 0.000000 0.040923 0.040923 0.000000 0.039936 0.039936 0.000000 0.037775 0.037775 0.000000 0.035363 0.035363 0.000000 0.033024 0.033024 0.000000 0.031103 0.031103 0.000000 0.031928 0.031928 0.000000 0.034625 0.034625 0.000000 0.038476 0.038476 0.000000 0.040361 0.040361 0.000000 0.040777 0.040777 0.000000 0.040300 0.040300 0.000000 0.039219 0.039219 0.000000 0.038411 0.038411 0.000000 0.037877 0.037877 0.000000 0.037570 0.037570 0.000000 
0.000000 0.000000 0.000000 0.000000 0.000000 0.000000 0.000000 0.000000 0.000000 0.000000 0.000000 0.000000 0.000000 0.000000 0.000000 0.000000 0.000000 0.000000 0.000000 0.000000 0.000000 
0.000000 0.000000 0.000000 0.000000 0.000000 0.000000 0.000000 0.000000 0.000000 0.000000 0.000000 0.000000 0.000000 0.000000 0.000000 0.000000 0.000000 0.000000 0.000000 0.000000 0.000000 
0.000000 0.000000 0.000000 0.000000 0.000000 0.000000 0.000000 0.000000 0.000000 0.000000 0.000000 0.000000 0.000000 0.000000 0.000000 0.000000 0.000000 0.000000 0.000000 0.000000 0.000000 
0.000000 0.000000 0.000000 0.000000 0.000000 0.000000 0.000000 0.000000 0.000000 0.000000 0.000000 0.000000 0.000000 0.000000 0.000000 0.000000 0.000000 0.000000 0.000000 0.000000 0.000000 
0.000000 0.000000 0.000000 0.000000 0.000000 0.000000 0.000000 0.000000 0.000000 0.000000 0.000000 0.000000 0.000000 0.000000 0.000000 0.000000 0.000000 0.000000 0.000000 0.000000 0.000000 
0.000000 0.000000 0.000000 0.000000 0.000000 0.000000 0.000000 0.000000 0.000000 0.000000 0.000000 0.000000 0.000000 0.000000 0.000000 0.000000 0.000000 0.000000 0.000000 0.000000 0.000000 
0.000000 0.000000 0.000000 0.000000 0.000000 0.000000 0.000000 0.000000 0.000000 0.000000 0.000000 0.000000 0.000000 0.000000 0.000000 0.000000 0.000000 0.000000 0.000000 0.000000 0.000000 
0.000000 0.000000 0.000000 0.000000 0.000000 0.000000 0.000000 0.000000 0.000000 0.000000 0.000000 0.000000 0.000000 0.000000 0.000000 0.000000 0.000000 0.000000 0.000000 0.000000 0.000000 
0.000000 0.000000 0.000000 0.000000 0.000000 0.000000 0.000000 0.000000 0.000000 0.000000 0.000000 0.000000 0.000000 0.000000 0.000000 0.000000 0.000000 0.000000 0.000000 0.000000 0.000000 
0.000000 0.000000 0.000000 0.000000 0.000000 0.000000 0.000000 0.000000 0.000000 0.000000 0.000000 0.000000 0.000000 0.000000 0.000000 0.000000 0.000000 0.000000 0.000000 0.000000 0.000000 
0.000000 0.000000 0.000000 0.000000 0.000000 0.000000 0.000000 0.000000 0.000000 0.000000 0.000000 0.000000 0.000000 0.000000 0.000000 0.000000 0.000000 0.000000 0.000000 0.000000 0.000000 
0.000000 0.000000 0.000000 0.000000 0.000000 0.000000 0.000000 0.000000 0.000000 0.000000 0.000000 0.000000 0.000000 0.000000 0.000000 0.000000 0.000000 0.000000 0.000000 0.000000 0.000000 
