21 12
0.048125 0.048125 0.008720 0.047276 0.047276 0.008720 0.046212 0.046212 0.008720 0.044997 0.044997 0.008720 0.043916 0.043916 0.008720 0.042980 0.042980 0.008720 0.042315 0.042315 0.008720 0.040864 0.040864 0.008720 0.039277 0.039277 0.008720 0.037731 0.037731 0.008720 0.036679 0.036679 0.008720 0.036870 0.036870 0.008720 0.037577 0.037577 0.008720 0.038949 0.038949 0.008720 0.039775 0.039775 0.008720 0.040228 0.040228 0.008720 0.040600 0.040600 0.008720 0.040243 0.040243 0.008720 0.039271 0.039271 0.008720 0.038365 0.038365 0.008720 0.037820 0.037820 0.008720 
0.048868 0.048868 0.008720 0.048204 0.048204 0.008720 0.047365 0.047365 0.008720 0.046209 0.046209 0.008720 0.044802 0.044802 0.008720 0.043926 0.043926 0.008720 0.042666 0.042666 0.008720 0.041677 0.041677 0.008720 0.039646 0.039646 0.008720 0.037802 0.037802 0.008720 0.036657 0.036657 0.008720 0.035515 0.035515 0.008720 0.038518 0.038518 0.008720 0.039204 0.039204 0.008720 0.039679 0.039679 0.010154 0.038513 0.038513 0.012705 0.040343 0.040343 0.010154 0.039016 0.039016 0.008720 0.038515 0.038515 0.008720 0.037259 0.037259 0.008720 0.037638 0.037638 0.008720 
0.050106 0.050106 0.008720 0.049756 0.049756 0.008720 0.049285 0.049285 0.008720 0.048673 0.048673 0.008720 0.047104 0.047104 0.008720 0.044971 0.044971 0.008720 0.044074 0.044074 0.008720 0.042168 0.042168 0.008720 0.040548 0.040548 0.008720 0.037719 0.037719 0.008720 0.035984 0.035984 0.008720 0.037328 0.037328 0.008720 0.041509 0.041509 0.008720 0.038600 0.038600 0.009998 0.032830 0.032830 0.017716 0.039152 0.039152 0.020394 0.033957 0.033957 0.017716 0.039901 0.039901 0.009998 0.033530 0.033530 0.008720 0.037269 0.037269 0.008720 0.037699 0.037699 0.008720 
0.051201 0.051201 0.008720 0.051122 0.051122 0.008720 0.051029 0.051029 0.008720 0.050866 0.050866 0.008720 0.051241 0.051241 0.008720 0.047501 0.047501 0.008720 0.045340 0.045340 0.008720 0.044584 0.044584 0.008720 0.041141 0.041141 0.008720 0.037983 0.037983 0.008720 0.035262 0.035262 0.008720 0.033530 0.033530 0.008720 0.035695 0.035695 0.008720 0.033869 0.033869 0.015639 0.035785 0.035785 0.023794 0.023380 0.023380 0.026882 0.041940 0.041940 0.023794 0.035449 0.035449 0.015639 0.038077 0.038077 0.008720 0.038544 0.038544 0.008720 0.039065 0.039065 0.008720 
0.051879 0.051879 0.008720 0.051972 0.051972 0.008720 0.052082 0.052082 0.008720 0.052300 0.052300 0.008720 0.052386 0.052386 0.008720 0.057762 0.057762 0.008720 0.037329 0.037329 0.008720 0.037328 0.037328 0.008720 0.044989 0.044989 0.008720 0.039523 0.039523 0.008720 0.028882 0.028882 0.008720 0.035516 0.035516 0.008720 0.033530 0.033530 0.008720 0.023488 0.023488 0.019507 0.030663 0.030663 0.028475 0.019845 0.019845 0.031700 0.016809 0.016809 0.028475 0.030591 0.030591 0.019507 0.040540 0.040540 0.008720 0.041189 0.041189 0.008720 0.040785 0.040785 0.008720 
0.052125 0.052125 0.008720 0.052278 0.052278 0.008720 0.052472 0.052472 0.008720 0.052643 0.052643 0.008720 0.052896 0.052896 0.008720 0.049956 0.049956 0.008720 0.031335 0.031335 0.008720 0.045776 0.045776 0.008720 0.033530 0.033530 0.008720 0.038996 0.038996 0.008720 0.032680 0.032680 0.008720 0.031335 0.031335 0.008720 0.044172 0.044172 0.008720 0.027131 0.027131 0.021518 0.030686 0.030686 0.031302 0.024026 0.024026 0.031700 0.011596 0.011596 0.031302 0.025694 0.025694 0.021518 0.043322 0.043322 0.008720 0.042435 0.042435 0.008720 0.041821 0.041821 0.008720 
0.052125 0.052125 0.008720 0.052278 0.052278 0.008720 0.052472 0.052472 0.008720 0.052643 0.052643 0.008720 0.052896 0.052896 0.008720 0.049956 0.049956 0.008720 0.031335 0.031335 0.008720 0.045776 0.045776 0.008720 0.033530 0.033530 0.008720 0.038996 0.038996 0.008720 0.032680 0.032680 0.008720 0.031335 0.031335 0.008720 0.044172 0.044172 0.008720 0.027131 0.027131 0.021518 0.030686 0.030686 0.031302 0.024026 0.024026 0.031700 0.011596 0.011596 0.031302 0.025694 0.025694 0.021518 0.043322 0.043322 0.008720 0.042435 0.042435 0.008720 0.041821 0.041821 0.008720 
0.051879 0.051879 0.008720 0.051972 0.051972 0.008720 0.052082 0.052082 0.008720 0.052300 0.052300 0.008720 0.052386 0.052386 0.008720 0.057762 0.057762 0.008720 0.037329 0.037329 0.008720 0.037328 0.037328 0.008720 0.044989 0.044989 0.008720 0.039523 0.039523 0.008720 0.028882 0.028882 0.008720 0.035516 0.035516 0.008720 0.033530 0.033530 0.008720 0.023488 0.023488 0.019507 0.030663 0.030663 0.028475 0.019845 0.019845 0.031700 0.016809 0.016809 0.028475 0.030591 0.030591 0.019507 0.040540 0.040540 0.008720 0.041189 0.041189 0.008720 0.040785 0.040785 0.008720 
0.051201 0.051201 0.008720 0.051122 0.051122 0.008720 0.051029 0.051029 0.008720 0.050866 0.050866 0.008720 0.051241 0.051241 0.008720 0.047501 0.047501 0.008720 0.045340 0.045340 0.008720 0.044584 0.044584 0.008720 0.041141 0.041141 0.008720 0.037983 0.037983 0.008720 0.035262 0.035262 0.008720 0.033530 0.033530 0.008720 0.035695 0.035695 0.008720 0.033869 0.033869 0.015639 0.035785 0.035785 0.023794 0.023380 0.023380 0.026882 0.041940 0.041940 0.023794 0.035449 0.035449 0.015639 0.038077 0.038077 0.008720 0.038544 0.038544 0.008720 0.039065 0.039065 0.008720 
0.050106 0.050106 0.008720 0.049756 0.049756 0.008720 0.049285 0.049285 0.008720 0.048673 0.048673 0.008720 0.047104 0.047104 0.008720 0.044971 0.044971 0.008720 0.044074 0.044074 0.008720 0.042168 0.042168 0.008720 0.040548 0.040548 0.008720 0.037719 0.037719 0.008720 0.035984 0.035984 0.008720 0.037328 0.037328 0.008720 0.041509 0.041509 0.008720 0.038600 0.038600 0.009998 0.032830 0.032830 0.017716 0.039152 0.039152 0.020394 0.033957 0.033957 0.017716 0.039901 0.039901 0.009998 0.033530 0.033530 0.008720 0.037269 0.037269 0.008720 0.037699 0.037699 0.008720 
0.048868 0.048868 0.008720 0.048204 0.048204 0.008720 0.047365 0.047365 0.008720 0.046209 0.046209 0.008720 0.044802 0.044802 0.008720 0.043926 0.043926 0.008720 0.042666 0.042666 0.008720 0.041677 0.041677 0.008720 0.039646 0.039646 0.008720 0.037802 0.037802 0.008720 0.036657 0.036657 0.008720 0.035515 0.035515 0.008720 0.038518 0.038518 0.008720 0.039204 0.039204 0.008720 0.039679 0.039679 0.010154 0.038513 0.038513 0.012705 0.040343 0.040343 0.010154 0.039016 0.039016 0.008720 0.038515 0.038515 0.008720 0.037259 0.037259 0.008720 0.037638 0.037638 0.008720 
0.048125 0.048125 0.008720 0.047276 0.047276 0.008720 0.046212 0.046212 0.008720 0.044997 0.044997 0.008720 0.043916 0.043916 0.008720 0.042980 0.042980 0.008720 0.042315 0.042315 0.008720 0.040864 0.040864 0.008720 0.039277 0.039277 0.008720 0.037731 0.037731 0.008720 0.036679 0.036679 0.008720 0.036870 0.036870 0.008720 0.037577 0.037577 0.008720 0.038949 0.038949 0.008720 0.039775 0.039775 0.008720 0.040228 0.040228 0.008720 0.040600 0.040600 0.008720 0.040243 0.040243 0.008720 0.039271 0.039271 0.008720 0.038365 0.038365 0.008720 0.037820 0.037820 0.008720 
0.000000 0.000000 0.000000 0.000000 0.000000 0.000000 0.000000 0.000000 0.000000 0.000000 0.000000 0.000000 0.000000 0.000000 0.000000 0.000000 0.000000 0.000000 0.000000 0.000000 0.000000 
0.000000 0.000000 0.000000 0.000000 0.000000 0.000000 0.000000 0.000000 0.000000 0.000000 0.000000 0.000000 0.000000 0.000000 0.000000 0.000000 0.000000 0.000000 0.000000 0.000000 0.000000 
0.000000 0.000000 0.000000 0.000000 0.000000 0.000000 0.000000 0.000000 0.000000 0.000000 0.000000 0.000000 0.000000 0.000000 0.000000 0.000000 0.000000 0.000000 0.000000 0.000000 0.000000 
0.000000 0.000000 0.000000 0.000000 0.000000 0.000000 0.000000 0.000000 0.000000 0.000000 0.000000 0.000000 0.000000 0.000000 0.000000 0.000000 0.000000 0.000000 0.000000 0.000000 0.000000 
0.000000 0.000000 0.000000 0.000000 0.000000 0.000000 0.000000 0.000000 0.000000 0.000000 0.000000 0.000000 0.000000 0.000000 0.000000 0.000000 0.000000 0.000000 0.000000 0.000000 0.000000 
0.000000 0.000000 0.000000 0.000000 0.000000 0.000000 0.000000 0.000000 0.000000 0.000000 0.000000 0.000000 0.000000 0.000000 0.000000 0.000000 0.000000 0.000000 0.000000 0.000000 0.000000 
0.000000 0.000000 0.000000 0.000000 0.000000 0.000000 0.000000 0.000000 0.000000 0.000000 0.000000 0.000000 0.000000 0.000000 0.000000 0.000000 0.000000 0.000000 0.000000 0.000000 0.000000 
0.000000 0.000000 0.000000 0.000000 0.000000 0.000000 0.000000 0.000000 0.000000 0.000000 0.000000 0.000000 0.000000 0.000000 0.000000 0.000000 0.000000 0.000000 0.000000 0.000000 0.000000 
0.000000 0.000000 0.000000 0.000000 0.000000 0.000000 0.000000 0.000000 0.000000 0.000000 0.000000 0.000000 0.000000 0.000000 0.000000 0.000000 0.000000 0.000000 0.000000 0.000000 0.000000 
0.000000 0.000000 0.000000 0.000000 0.000000 0.000000 0.000000 0.000000 0.000000 0.000000 0.000000 0.000000 0.000000 0.000000 0.000000 0.000000 0.000000 0.000000 0.000000 0.000000 0.000000 
0.000000 0.000000 0.000000 0.000000 0.000000 0.000000 0.000000 0.000000 0.000000 0.000000 0.000000 0.000000 0.000000 0.000000 0.000000 0.000000 0.000000 0.000000 0.000000 0.000000 0.000000 
0.000000 0.000000 0.000000 0.000000 0.000000 0.000000 0.000000 0.000000 0.000000 0.000000 0.000000 0.000000 0.000000 0.000000 0.000000 0.000000 0.000000 0.000000 0.000000 0.000000 0.000000 
