21 12
0.037399 0.037399 0.008720 0.037354 0.037354 0.008720 0.037187 0.037187 0.008720 0.036924 0.036924 0.008720 0.036622 0.036622 0.008720 0.036270 0.036270 0.008720 0.035834 0.035834 0.008720 0.034693 0.034693 0.008720 0.033203 0.033203 0.008720 0.031515 0.031515 0.008720 0.031502 0.031502 0.008720 0.032476 0.032476 0.008720 0.034193 0.034193 0.008720 0.033086 0.033086 0.008720 0.031582 0.031582 0.008720 0.029212 0.029212 0.008720 0.029339 0.029339 0.008720 0.029564 0.029564 0.008720 0.031292 0.031292 0.008720 0.031483 0.031483 0.008720 0.030888 0.030888 0.008720 
0.037372 0.037372 0.008720 0.037470 0.037470 0.008720 0.037405 0.037405 0.008720 0.037228 0.037228 0.008720 0.036917 0.036917 0.008720 0.036674 0.036674 0.008720 0.036293 0.036293 0.008720 0.035624 0.035624 0.008720 0.033482 0.033482 0.008720 0.031936 0.031936 0.008720 0.028881 0.028881 0.008720 0.033435 0.033435 0.008720 0.035515 0.035515 0.008720 0.035197 0.035197 0.008720 0.026100 0.026100 0.008720 0.030880 0.030880 0.008720 0.027813 0.027813 0.008720 0.031387 0.031387 0.008720 0.032800 0.032800 0.008720 0.030277 0.030277 0.008720 0.030971 0.030971 0.008720 
0.037097 0.037097 0.008720 0.037562 0.037562 0.008720 0.037721 0.037721 0.008720 0.037736 0.037736 0.008720 0.037616 0.037616 0.008720 0.037086 0.037086 0.008720 0.036635 0.036635 0.008720 0.036604 0.036604 0.008720 0.035618 0.035618 0.008720 0.028881 0.028881 0.008720 0.033530 0.033530 0.008720 0.031954 0.031954 0.008720 0.036441 0.036441 0.008720 0.038455 0.038455 0.008720 0.037329 0.037329 0.008720 0.032304 0.032304 0.008720 0.028881 0.028881 0.008720 0.041509 0.041509 0.008720 0.025083 0.025083 0.008720 0.031135 0.031135 0.008720 0.031181 0.031181 0.008720 
0.036219 0.036219 0.008720 0.037114 0.037114 0.008720 0.037999 0.037999 0.008720 0.037912 0.037912 0.008720 0.038468 0.038468 0.008720 0.038186 0.038186 0.008720 0.037180 0.037180 0.008720 0.036107 0.036107 0.008720 0.038012 0.038012 0.008720 0.038179 0.038179 0.008720 0.025083 0.025083 0.008720 0.027069 0.027069 0.008720 0.034347 0.034347 0.008720 0.027537 0.027537 0.008720 0.030144 0.030144 0.008720 0.032680 0.032680 0.008720 0.043322 0.043322 0.008720 0.028881 0.028881 0.008720 0.033530 0.033530 0.008720 0.032093 0.032093 0.008720 0.031268 0.031268 0.008720 
0.034374 0.034374 0.008720 0.035673 0.035673 0.008720 0.036986 0.036986 0.008720 0.039295 0.039295 0.008720 0.036137 0.036137 0.008720 0.041977 0.041977 0.008720 0.038455 0.038455 0.008720 0.031335 0.031335 0.008720 0.035891 0.035891 0.008720 0.032461 0.032461 0.008720 0.030867 0.030867 0.008720 0.024555 0.024555 0.008720 0.036441 0.036441 0.008720 0.034213 0.034213 0.008720 0.037328 0.037328 0.008720 0.035243 0.035243 0.008720 0.028881 0.028881 0.008720 0.039936 0.039936 0.008720 0.035891 0.035891 0.008720 0.030549 0.030549 0.008720 0.034874 0.034874 0.008720 
0.032883 0.032883 0.008720 0.031334 0.031334 0.008720 0.035772 0.035772 0.008720 0.039563 0.039563 0.008720 0.042503 0.042503 0.008720 0.045307 0.045307 0.008720 0.045776 0.045776 0.008720 0.052619 0.052619 0.008720 0.031334 0.031334 0.008720 0.017652 0.017652 0.008720 0.032093 0.032093 0.008720 0.008447 0.008447 0.008720 0.030388 0.030388 0.008720 0.014441 0.014441 0.008720 0.035036 0.035036 0.008720 0.026520 0.026520 0.008720 0.039936 0.039936 0.008720 0.034045 0.034045 0.008720 0.039314 0.039314 0.008720 0.040540 0.040540 0.008720 0.037711 0.037711 0.008720 
0.032883 0.032883 0.008720 0.031334 0.031334 0.008720 0.035772 0.035772 0.008720 0.039563 0.039563 0.008720 0.042503 0.042503 0.008720 0.045307 0.045307 0.008720 0.045776 0.045776 0.008720 0.052619 0.052619 0.008720 0.031334 0.031334 0.008720 0.017652 0.017652 0.008720 0.032093 0.032093 0.008720 0.008447 0.008447 0.008720 0.030388 0.030388 0.008720 0.014441 0.014441 0.008720 0.035036 0.035036 0.008720 0.026520 0.026520 0.008720 0.039936 0.039936 0.008720 0.034045 0.034045 0.008720 0.039314 0.039314 0.008720 0.040540 0.040540 0.008720 0.037711 0.037711 0.008720 
0.034374 0.034374 0.008720 0.035673 0.035673 0.008720 0.036986 0.036986 0.008720 0.039295 0.039295 0.008720 0.036137 0.036137 0.008720 0.041977 0.041977 0.008720 0.038455 0.038455 0.008720 0.031335 0.031335 0.008720 0.035891 0.035891 0.008720 0.032461 0.032461 0.008720 0.030867 0.030867 0.008720 0.024555 0.024555 0.008720 0.036441 0.036441 0.008720 0.034213 0.034213 0.008720 0.037328 0.037328 0.008720 0.035243 0.035243 0.008720 0.028881 0.028881 0.008720 0.039936 0.039936 0.008720 0.035891 0.035891 0.008720 0.030549 0.030549 0.008720 0.034874 0.034874 0.008720 
0.036219 0.036219 0.008720 0.037114 0.037114 0.008720 0.037999 0.037999 0.008720 0.037912 0.037912 0.008720 0.038468 0.038468 0.008720 0.038186 0.038186 0.008720 0.037180 0.037180 0.008720 0.036107 0.036107 0.008720 0.038012 0.038012 0.008720 0.038179 0.038179 0.008720 0.025083 0.025083 0.008720 0.027069 0.027069 0.008720 0.034347 0.034347 0.008720 0.027537 0.027537 0.008720 0.030144 0.030144 0.008720 0.032680 0.032680 0.008720 0.043322 0.043322 0.008720 0.028881 0.028881 0.008720 0.033530 0.033530 0.008720 0.032093 0.032093 0.008720 0.031268 0.031268 0.008720 
0.037097 0.037097 0.008720 0.037562 0.037562 0.008720 0.037721 0.037721 0.008720 0.037736 0.037736 0.008720 0.037616 0.037616 0.008720 0.037086 0.037086 0.008720 0.036635 0.036635 0.008720 0.036604 0.036604 0.008720 0.035618 0.035618 0.008720 0.028881 0.028881 0.008720 0.033530 0.033530 0.008720 0.031954 0.031954 0.008720 0.036441 0.036441 0.008720 0.038455 0.038455 0.008720 0.037329 0.037329 0.008720 0.032304 0.032304 0.008720 0.028881 0.028881 0.008720 0.041509 0.041509 0.008720 0.025083 0.025083 0.008720 0.031135 0.031135 0.008720 0.031181 0.031181 0.008720 
0.037372 0.037372 0.008720 0.037470 0.037470 0.008720 0.037405 0.037405 0.008720 0.037228 0.037228 0.008720 0.036917 0.036917 0.008720 0.036674 0.036674 0.008720 0.036293 0.036293 0.008720 0.035624 0.035624 0.008720 0.033482 0.033482 0.008720 0.031936 0.031936 0.008720 0.028881 0.028881 0.008720 0.033435 0.033435 0.008720 0.035515 0.035515 0.008720 0.035197 0.035197 0.008720 0.026100 0.026100 0.008720 0.030880 0.030880 0.008720 0.027813 0.027813 0.008720 0.031387 0.031387 0.008720 0.032800 0.032800 0.008720 0.030277 0.030277 0.008720 0.030971 0.030971 0.008720 
0.037399 0.037399 0.008720 0.037354 0.037354 0.008720 0.037187 0.037187 0.008720 0.036924 0.036924 0.008720 0.036622 0.036622 0.008720 0.036270 0.036270 0.008720 0.035834 0.035834 0.008720 0.034693 0.034693 0.008720 0.033203 0.033203 0.008720 0.031515 0.031515 0.008720 0.031502 0.031502 0.008720 0.032476 0.032476 0.008720 0.034193 0.034193 0.008720 0.033086 0.033086 0.008720 0.031582 0.031582 0.008720 0.029212 0.029212 0.008720 0.029339 0.029339 0.008720 0.029564 0.029564 0.008720 0.031292 0.031292 0.008720 0.031483 0.031483 0.008720 0.030888 0.030888 0.008720 
0.000000 0.000000 0.000000 0.000000 0.000000 0.000000 0.000000 0.000000 0.000000 0.000000 0.000000 0.000000 0.000000 0.000000 0.000000 0.000000 0.000000 0.000000 0.000000 0.000000 0.000000 
0.000000 0.000000 0.000000 0.000000 0.000000 0.000000 0.000000 0.000000 0.000000 0.000000 0.000000 0.000000 0.000000 0.000000 0.000000 0.000000 0.000000 0.000000 0.000000 0.000000 0.000000 
0.000000 0.000000 0.000000 0.000000 0.000000 0.000000 0.000000 0.000000 0.000000 0.000000 0.000000 0.000000 0.000000 0.000000 0.000000 0.000000 0.000000 0.000000 0.000000 0.000000 0.000000 
0.000000 0.000000 0.000000 0.000000 0.000000 0.000000 0.000000 0.000000 0.000000 0.000000 0.000000 0.000000 0.000000 0.000000 0.000000 0.000000 0.000000 0.000000 0.000000 0.000000 0.000000 
0.000000 0.000000 0.000000 0.000000 0.000000 0.000000 0.000000 0.000000 0.000000 0.000000 0.000000 0.000000 0.000000 0.000000 0.000000 0.000000 0.000000 0.000000 0.000000 0.000000 0.000000 
0.000000 0.000000 0.000000 0.000000 0.000000 0.000000 0.000000 0.000000 0.000000 0.000000 0.000000 0.000000 0.000000 0.000000 0.000000 0.000000 0.000000 0.000000 0.000000 0.000000 0.000000 
0.000000 0.000000 0.000000 0.000000 0.000000 0.000000 0.000000 0.000000 0.000000 0.000000 0.000000 0.000000 0.000000 0.000000 0.000000 0.000000 0.000000 0.000000 0.000000 0.000000 0.000000 
0.000000 0.000000 0.000000 0.000000 0.000000 0.000000 0.000000 0.000000 0.000000 0.000000 0.000000 0.000000 0.000000 0.000000 0.000000 0.000000 0.000000 0.000000 0.000000 0.000000 0.000000 
0.000000 0.000000 0.000000 0.000000 0.000000 0.000000 0.000000 0.000000 0.000000 0.000000 0.000000 0.000000 0.000000 0.000000 0.000000 0.000000 0.000000 0.000000 0.000000 0.000000 0.000000 
0.000000 0.000000 0.000000 0.000000 0.000000 0.000000 0.000000 0.000000 0.000000 0.000000 0.000000 0.000000 0.000000 0.000000 0.000000 0.000000 0.000000 0.000000 0.000000 0.000000 0.000000 
0.000000 0.000000 0.000000 0.000000 0.000000 0.000000 0.000000 0.000000 0.000000 0.000000 0.000000 0.000000 0.000000 0.000000 0.000000 0.000000 0.000000 0.000000 0.000000 0.000000 0.000000 
0.000000 0.000000 0.000000 0.000000 0.000000 0.000000 0.000000 0.000000 0.000000 0.000000 0.000000 0.000000 0.000000 0.000000 0.000000 0.000000 0.000000 0.000000 0.000000 0.000000 0.000000 
