21 12
0.024094 0.031640 0.021907 0.021899 0.032276 0.021907 0.020480 0.032776 0.021907 0.033480 0.020467 0.021907 0.034591 0.021144 0.021907 0.036156 0.023040 0.021907 0.037072 0.025319 0.021907 0.028960 0.037173 0.021907 0.031820 0.035901 0.021907 0.032608 0.033865 0.021907 0.032223 0.034502 0.021907 0.030925 0.039109 0.021907 0.024433 0.041955 0.021907 0.020388 0.039606 0.021907 0.021515 0.041524 0.021907 0.031567 0.040659 0.021907 0.037572 0.044098 0.021907 0.038716 0.036970 0.021907 0.035919 0.034193 0.021907 0.036044 0.031430 0.021907 0.036512 0.031045 0.021907 
0.026274 0.030858 0.021907 0.024083 0.031761 0.021907 0.021107 0.032265 0.021907 0.032636 0.019918 0.021907 0.033179 0.020308 0.021907 0.034434 0.020080 0.021907 0.023621 0.036863 0.021907 0.028013 0.039213 0.021907 0.032221 0.036553 0.021907 0.034338 0.033872 0.021907 0.031379 0.030260 0.021907 0.030649 0.039073 0.021907 0.051935 0.028785 0.021907 0.034990 0.004662 0.021907 0.026236 0.020364 0.021907 0.056696 0.032079 0.021907 0.028974 0.043104 0.021907 0.033364 0.035729 0.021907 0.035095 0.029298 0.021907 0.036938 0.030619 0.021907 0.036891 0.029327 0.021907 
0.030195 0.028596 0.021907 0.028859 0.030737 0.021907 0.025612 0.030989 0.021907 0.031888 0.018361 0.021907 0.030826 0.019795 0.021907 0.030982 0.018000 0.021907 0.018267 0.035105 0.021907 0.024055 0.035740 0.021907 0.034862 0.046809 0.021907 0.033307 0.027468 0.021907 0.034946 0.028092 0.021907 0.035104 0.025768 0.021907 0.048275 0.030668 0.021907 0.023469 0.025642 0.021907 0.030127 0.041281 0.021907 0.064346 0.025889 0.021907 0.031896 0.039512 0.021907 0.025045 0.007235 0.021907 0.037821 0.031824 0.021907 0.037672 0.025914 0.021907 0.039260 0.027043 0.021907 
0.034071 0.024414 0.021907 0.033727 0.027435 0.021907 0.034687 0.031954 0.021907 0.028203 0.026198 0.021907 0.032339 0.004139 0.021907 0.025024 0.027412 0.021907 0.014328 0.023348 0.021907 0.045196 0.015385 0.021907 0.021213 0.025252 0.021907 0.016897 -0.000562 0.021907 0.040007 0.027219 0.021907 0.045832 0.039327 0.021907 0.038557 0.039242 0.021907 0.034570 0.020280 0.021907 0.046712 0.033829 0.021907 0.040459 0.016674 0.021907 0.039424 0.028379 0.021907 0.046046 0.048539 0.021907 0.031770 0.015102 0.021907 0.043105 0.024534 0.021907 0.044634 0.024140 0.021907 
0.035479 0.023108 0.021907 0.038064 0.016224 0.021907 0.036052 0.030081 0.021907 0.046888 0.049509 0.021907 0.038304 0.027829 0.021907 0.056418 0.015735 0.021907 0.026150 0.008915 0.021907 0.037178 0.007328 0.021907 0.019344 0.014997 0.021907 0.034804 0.027866 0.021907 0.051174 0.034468 0.021907 0.034828 0.039057 0.021907 0.034432 0.038596 0.021907 0.050509 0.055913 0.021907 0.042873 0.024103 0.021907 0.033221 0.024645 0.021907 0.054102 0.023697 0.021907 0.031609 0.038889 0.021907 0.046122 0.025660 0.021907 0.051836 0.020683 0.021907 0.052384 0.021217 0.021907 
0.036027 0.021631 0.021907 0.033864 0.026911 0.021907 0.029393 0.032999 0.021907 0.022985 0.028006 0.021907 0.028959 0.016116 0.021907 0.018509 0.020658 0.021907 0.025514 0.033782 0.021907 0.026308 0.021500 0.021907 0.038512 0.017550 0.021907 0.018369 0.002748 0.021907 0.036739 0.028793 0.021907 0.034176 0.029770 0.021907 0.059733 0.036292 0.021907 0.037107 0.043070 0.021907 0.040853 0.038152 0.021907 0.007213 0.008555 0.021907 0.021678 0.031228 0.021907 0.025324 0.033569 0.021907 0.039507 0.018978 0.021907 0.060692 0.016914 0.021907 0.059319 0.019749 0.021907 
0.036027 0.021631 0.021907 0.033864 0.026911 0.021907 0.029393 0.032999 0.021907 0.022985 0.028006 0.021907 0.028959 0.016116 0.021907 0.018509 0.020658 0.021907 0.025514 0.033782 0.021907 0.026308 0.021500 0.021907 0.038512 0.017550 0.021907 0.018369 0.002748 0.021907 0.036739 0.028793 0.021907 0.034176 0.029770 0.021907 0.059733 0.036292 0.021907 0.037107 0.043070 0.021907 0.040853 0.038152 0.021907 0.007213 0.008555 0.021907 0.021678 0.031228 0.021907 0.025324 0.033569 0.021907 0.039507 0.018978 0.021907 0.060692 0.016914 0.021907 0.059319 0.019749 0.021907 
0.035479 0.023108 0.021907 0.038064 0.016224 0.021907 0.036052 0.030081 0.021907 0.046888 0.049509 0.021907 0.038304 0.027829 0.021907 0.056418 0.015735 0.021907 0.026150 0.008915 0.021907 0.037178 0.007328 0.021907 0.019344 0.014997 0.021907 0.034804 0.027866 0.021907 0.051174 0.034468 0.021907 0.034828 0.039057 0.021907 0.034432 0.038596 0.021907 0.050509 0.055913 0.021907 0.042873 0.024103 0.021907 0.033221 0.024645 0.021907 0.054102 0.023697 0.021907 0.031609 0.038889 0.021907 0.046122 0.025660 0.021907 0.051836 0.020683 0.021907 0.052384 0.021217 0.021907 
0.034071 0.024414 0.021907 0.033727 0.027435 0.021907 0.034687 0.031954 0.021907 0.028203 0.026198 0.021907 0.032339 0.004139 0.021907 0.025024 0.027412 0.021907 0.014328 0.023348 0.021907 0.045196 0.015385 0.021907 0.021213 0.025252 0.021907 0.016897 -0.000562 0.021907 0.040007 0.027219 0.021907 0.045832 0.039327 0.021907 0.038557 0.039242 0.021907 0.034570 0.020280 0.021907 0.046712 0.033829 0.021907 0.040459 0.016674 0.021907 0.039424 0.028379 0.021907 0.046046 0.048539 0.021907 0.031770 0.015102 0.021907 0.043105 0.024534 0.021907 0.044634 0.024140 0.021907 
0.030195 0.028596 0.021907 0.028859 0.030737 0.021907 0.025612 0.030989 0.021907 0.031888 0.018361 0.021907 0.030826 0.019795 0.021907 0.030982 0.018000 0.021907 0.018267 0.035105 0.021907 0.024055 0.035740 0.021907 0.034862 0.046809 0.021907 0.033307 0.027468 0.021907 0.034946 0.028092 0.021907 0.035104 0.025768 0.021907 0.048275 0.030668 0.021907 0.023469 0.025642 0.021907 0.030127 0.041281 0.021907 0.064346 0.025889 0.021907 0.031896 0.039512 0.021907 0.025045 0.007235 0.021907 0.037821 0.031824 0.021907 0.037672 0.025914 0.021907 0.039260 0.027043 0.021907 
0.026274 0.030858 0.021907 0.024083 0.031761 0.021907 0.021107 0.032265 0.021907 0.032636 0.019918 0.021907 0.033179 0.020308 0.021907 0.034434 0.020080 0.021907 0.023621 0.036863 0.021907 0.028013 0.039213 0.021907 0.032221 0.036553 0.021907 0.034338 0.033872 0.021907 0.031379 0.030260 0.021907 0.030649 0.039073 0.021907 0.051935 0.028785 0.021907 0.034990 0.004662 0.021907 0.026236 0.020364 0.021907 0.056696 0.032079 0.021907 0.028974 0.043104 0.021907 0.033364 0.035729 0.021907 0.035095 0.029298 0.021907 0.036938 0.030619 0.021907 0.036891 0.029327 0.021907 
0.024094 0.031640 0.021907 0.021899 0.032276 0.021907 0.020480 0.032776 0.021907 0.033480 0.020467 0.021907 0.034591 0.021144 0.021907 0.036156 0.023040 0.021907 0.037072 0.025319 0.021907 0.028960 0.037173 0.021907 0.031820 0.035901 0.021907 0.032608 0.033865 0.021907 0.032223 0.034502 0.021907 0.030925 0.039109 0.021907 0.024433 0.041955 0.021907 0.020388 0.039606 0.021907 0.021515 0.041524 0.021907 0.031567 0.040659 0.021907 0.037572 0.044098 0.021907 0.038716 0.036970 0.021907 0.035919 0.034193 0.021907 0.036044 0.031430 0.021907 0.036512 0.031045 0.021907 
91.458431 91.457864 91.461750 1.424185 1.285315 -0.573005 -3.232044 82.409541 80.358353 77.567454 92.699641 102.038695 105.639897 103.221162 91.034040 92.104218 96.687850 114.799592 118.784583 110.378737 106.175813 
91.458431 91.458998 91.452845 1.508219 1.479022 2.949927 88.563103 83.149252 77.567454 76.815142 81.097864 92.699641 21.377750 26.443500 169.423500 155.048000 42.911333 91.540470 118.784583 101.972890 104.146682 
113.965400 101.460137 91.462398 181.416578 181.851961 1.687206 98.599472 83.940583 72.489500 76.272279 81.683646 -4.662333 182.399500 116.348200 171.272900 60.676000 80.534000 150.523500 87.045667 100.088419 99.093287 
128.972035 121.465168 121.449895 144.347500 0.918750 -4.030880 88.667500 33.190333 141.415000 94.348500 81.424750 65.623667 174.169908 81.826750 85.111286 120.543250 23.715333 148.454500 99.304875 95.218552 100.845824 
131.698437 133.752500 139.180607 90.755167 53.996500 125.701500 57.931000 137.208000 71.592667 34.278000 28.204333 178.326200 153.593375 22.082200 -1.748429 46.055222 190.720833 69.847375 87.293167 107.230500 97.708017 
135.109527 136.466554 192.157750 54.608714 113.580250 112.958000 66.389714 63.818810 88.318000 115.080000 165.560500 18.269000 28.931500 14.158500 20.473222 159.397500 32.948571 74.553667 93.373625 90.675000 95.743500 
-135.109527 -136.466554 -192.157750 -54.608714 -113.580250 -112.958000 -66.389714 -63.818810 -88.318000 -115.080000 -165.560500 -18.269000 -28.931500 -14.158500 -20.473222 -159.397500 -32.948571 -74.553667 -93.373625 -90.675000 -95.743500 
-131.698437 -133.752500 -139.180607 -90.755167 -53.996500 -125.701500 -57.931000 -137.208000 -71.592667 -34.278000 -28.204333 -178.326200 -153.593375 -22.082200 1.748429 -46.055222 -190.720833 -69.847375 -87.293167 -107.230500 -97.708017 
-128.972035 -121.465168 -121.449895 -144.347500 -0.918750 4.030880 -88.667500 -33.190333 -141.415000 -94.348500 -81.424750 -65.623667 -174.169908 -81.826750 -85.111286 -120.543250 -23.715333 -148.454500 -99.304875 -95.218552 -100.845824 
-113.965400 -101.460137 -91.462398 -181.416578 -181.851961 -1.687206 -98.599472 -83.940583 -72.489500 -76.272279 -81.683646 4.662333 -182.399500 -116.348200 -171.272900 -60.676000 -80.534000 -150.523500 -87.045667 -100.088419 -99.093287 
-91.458431 -91.458998 -91.452845 -1.508219 -1.479022 -2.949927 -88.563103 -83.149252 -77.567454 -76.815142 -81.097864 -92.699641 -21.377750 -26.443500 -169.423500 -155.048000 -42.911333 -91.540470 -118.784583 -101.972890 -104.146682 
-91.458431 -91.457864 -91.461750 -1.424185 -1.285315 0.573005 3.232044 -82.409541 -80.358353 -77.567454 -92.699641 -102.038695 -105.639897 -103.221162 -91.034040 -92.104218 -96.687850 -114.799592 -118.784583 -110.378737 -106.175813 
