21 12
0.035015 0.032348 0.000000 0.034054 0.033492 0.000000 0.033487 0.033370 0.000000 0.033355 0.031573 0.000000 0.029185 0.032969 0.000000 0.027625 0.031208 0.000000 0.028070 0.028955 0.000000 0.025043 0.029364 0.000000 0.022088 0.031773 0.000000 0.019902 0.034237 0.000000 0.036349 0.017169 0.000000 0.035106 0.019621 0.000000 0.033682 0.022779 0.000000 0.030418 0.031514 0.000000 0.026207 0.035253 0.000000 0.025807 0.036257 0.000000 0.025453 0.030479 0.000000 0.028902 0.026485 0.000000 0.027975 0.022926 0.000000 0.028982 0.023024 0.000000 0.029802 0.022371 0.000000 
0.035932 0.031007 0.000000 0.035056 0.032543 0.000000 0.033612 0.034556 0.000000 0.033449 0.033935 0.000000 0.031491 0.033539 0.000000 0.028285 0.034006 0.000000 0.030508 0.026364 0.000000 0.025892 0.027899 0.000000 0.021610 0.031349 0.000000 0.033594 0.020937 0.000000 0.035625 0.019862 0.000000 0.039708 0.010587 0.000000 0.028423 0.030548 0.000000 0.030970 0.029840 0.000000 0.042046 0.027754 0.000000 0.036111 0.014184 0.000000 0.030093 0.033559 0.000000 0.017255 0.026066 0.000000 0.028335 0.024415 0.000000 0.030622 0.021717 0.000000 0.030183 0.023023 0.000000 
0.037462 0.028383 0.000000 0.037139 0.029594 0.000000 0.035965 0.032632 0.000000 0.033288 0.038127 0.000000 0.036492 0.033556 0.000000 0.032945 0.034767 0.000000 0.036264 0.025068 0.000000 0.029100 0.025855 0.000000 0.028027 0.015294 0.000000 0.037039 0.020229 0.000000 0.027176 0.032497 0.000000 0.021061 0.032862 0.000000 0.041172 0.016715 0.000000 0.039945 0.018890 0.000000 0.027502 0.043663 0.000000 0.032468 0.026674 0.000000 0.035155 0.022527 0.000000 0.042080 0.017593 0.000000 0.035165 0.015130 0.000000 0.030896 0.024279 0.000000 0.034316 0.021387 0.000000 
0.038583 0.025588 0.000000 0.039008 0.025745 0.000000 0.039878 0.025349 0.000000 0.037064 0.032937 0.000000 0.048716 0.030213 0.000000 0.034829 0.034044 0.000000 0.040509 0.027452 0.000000 0.038481 0.021193 0.000000 0.017985 0.022618 0.000000 0.029179 0.026813 0.000000 0.018182 0.028820 0.000000 0.025661 0.029002 0.000000 0.028836 0.016987 0.000000 0.034616 0.021950 0.000000 0.026332 0.030797 0.000000 0.036472 0.022021 0.000000 0.029754 0.025889 0.000000 0.036077 0.017197 0.000000 0.038468 0.019148 0.000000 0.041239 0.017974 0.000000 0.040151 0.021389 0.000000 
0.038984 0.023636 0.000000 0.039101 0.023275 0.000000 0.040874 0.021512 0.000000 0.046837 0.007369 0.000000 0.039673 0.032283 0.000000 0.036502 0.033437 0.000000 0.032486 0.026350 0.000000 0.024325 0.031010 0.000000 0.035226 0.026834 0.000000 0.026384 0.018462 0.000000 0.016594 0.025125 0.000000 0.034472 0.018083 0.000000 0.023566 0.035719 0.000000 0.027413 0.023653 0.000000 0.031419 0.018876 0.000000 0.021466 0.028829 0.000000 0.020990 0.021540 0.000000 0.026898 0.025713 0.000000 0.042374 0.015072 0.000000 0.047533 0.021131 0.000000 0.044507 0.019514 0.000000 
0.038959 0.022916 0.000000 0.038812 0.022553 0.000000 0.036733 0.023577 0.000000 0.041830 0.021135 0.000000 0.039078 0.026389 0.000000 0.030309 0.025684 0.000000 0.029439 0.027197 0.000000 0.023218 0.028813 0.000000 0.037090 0.022583 0.000000 0.029398 0.020897 0.000000 0.029087 0.023224 0.000000 0.035961 0.020031 0.000000 0.029757 0.025861 0.000000 0.025391 0.029848 0.000000 0.035833 0.024977 0.000000 0.025543 0.026277 0.000000 0.037934 0.012361 0.000000 0.020147 0.023174 0.000000 0.043578 0.019802 0.000000 0.044391 0.019077 0.000000 0.046016 0.020158 0.000000 
0.038959 0.022916 0.000000 0.038812 0.022553 0.000000 0.036733 0.023577 0.000000 0.041830 0.021135 0.000000 0.039078 0.026389 0.000000 0.030309 0.025684 0.000000 0.029439 0.027197 0.000000 0.023218 0.028813 0.000000 0.037090 0.022583 0.000000 0.029398 0.020897 0.000000 0.029087 0.023224 0.000000 0.035961 0.020031 0.000000 0.029757 0.025861 0.000000 0.025391 0.029848 0.000000 0.035833 0.024977 0.000000 0.025543 0.026277 0.000000 0.037934 0.012361 0.000000 0.020147 0.023174 0.000000 0.043578 0.019802 0.000000 0.044391 0.019077 0.000000 0.046016 0.020158 0.000000 
0.038984 0.023636 0.000000 0.039101 0.023275 0.000000 0.040874 0.021512 0.000000 0.046837 0.007369 0.000000 0.039673 0.032283 0.000000 0.036502 0.033437 0.000000 0.032486 0.026350 0.000000 0.024325 0.031010 0.000000 0.035226 0.026834 0.000000 0.026384 0.018462 0.000000 0.016594 0.025125 0.000000 0.034472 0.018083 0.000000 0.023566 0.035719 0.000000 0.027413 0.023653 0.000000 0.031419 0.018876 0.000000 0.021466 0.028829 0.000000 0.020990 0.021540 0.000000 0.026898 0.025713 0.000000 0.042374 0.015072 0.000000 0.047533 0.021131 0.000000 0.044507 0.019514 0.000000 
0.038583 0.025588 0.000000 0.039008 0.025745 0.000000 0.039878 0.025349 0.000000 0.037064 0.032937 0.000000 0.048716 0.030213 0.000000 0.034829 0.034044 0.000000 0.040509 0.027452 0.000000 0.038481 0.021193 0.000000 0.017985 0.022618 0.000000 0.029179 0.026813 0.000000 0.018182 0.028820 0.000000 0.025661 0.029002 0.000000 0.028836 0.016987 0.000000 0.034616 0.021950 0.000000 0.026332 0.030797 0.000000 0.036472 0.022021 0.000000 0.029754 0.025889 0.000000 0.036077 0.017197 0.000000 0.038468 0.019148 0.000000 0.041239 0.017974 0.000000 0.040151 0.021389 0.000000 
0.037462 0.028383 0.000000 0.037139 0.029594 0.000000 0.035965 0.032632 0.000000 0.033288 0.038127 0.000000 0.036492 0.033556 0.000000 0.032945 0.034767 0.000000 0.036264 0.025068 0.000000 0.029100 0.025855 0.000000 0.028027 0.015294 0.000000 0.037039 0.020229 0.000000 0.027176 0.032497 0.000000 0.021061 0.032862 0.000000 0.041172 0.016715 0.000000 0.039945 0.018890 0.000000 0.027502 0.043663 0.000000 0.032468 0.026674 0.000000 0.035155 0.022527 0.000000 0.042080 0.017593 0.000000 0.035165 0.015130 0.000000 0.030896 0.024279 0.000000 0.034316 0.021387 0.000000 
0.035932 0.031007 0.000000 0.035056 0.032543 0.000000 0.033612 0.034556 0.000000 0.033449 0.033935 0.000000 0.031491 0.033539 0.000000 0.028285 0.034006 0.000000 0.030508 0.026364 0.000000 0.025892 0.027899 0.000000 0.021610 0.031349 0.000000 0.033594 0.020937 0.000000 0.035625 0.019862 0.000000 0.039708 0.010587 0.000000 0.028423 0.030548 0.000000 0.030970 0.029840 0.000000 0.042046 0.027754 0.000000 0.036111 0.014184 0.000000 0.030093 0.033559 0.000000 0.017255 0.026066 0.000000 0.028335 0.024415 0.000000 0.030622 0.021717 0.000000 0.030183 0.023023 0.000000 
0.035015 0.032348 0.000000 0.034054 0.033492 0.000000 0.033487 0.033370 0.000000 0.033355 0.031573 0.000000 0.029185 0.032969 0.000000 0.027625 0.031208 0.000000 0.028070 0.028955 0.000000 0.025043 0.029364 0.000000 0.022088 0.031773 0.000000 0.019902 0.034237 0.000000 0.036349 0.017169 0.000000 0.035106 0.019621 0.000000 0.033682 0.022779 0.000000 0.030418 0.031514 0.000000 0.026207 0.035253 0.000000 0.025807 0.036257 0.000000 0.025453 0.030479 0.000000 0.028902 0.026485 0.000000 0.027975 0.022926 0.000000 0.028982 0.023024 0.000000 0.029802 0.022371 0.000000 
24.866822 0.000000 0.000000 148.593432 58.593432 58.892077 57.032417 143.313097 138.014033 135.350922 40.135116 38.095059 34.833863 50.434265 70.884333 66.128750 74.647063 77.124188 98.722042 99.234154 102.816996 
24.866822 20.165075 12.033510 -12.325367 58.593432 58.294787 149.489367 146.105156 142.435890 46.255286 42.577394 31.572667 52.724000 58.832667 -23.965333 -14.266000 141.862000 14.863500 92.580583 106.399837 99.440238 
26.714681 23.018962 17.311188 6.755833 70.478394 62.836544 147.100208 151.878525 53.006000 48.603750 130.834000 139.299160 49.975375 6.332143 72.923250 1.319909 27.477889 121.268250 141.610000 92.686724 104.634075 
29.707444 27.417637 24.328063 20.849667 82.662000 83.617528 142.094600 147.327500 -4.914000 90.287000 148.217500 125.966750 79.228667 7.422111 103.601778 142.228750 30.606533 89.913000 111.740650 114.815663 102.653795 
33.950630 34.442547 33.588750 36.118000 123.769000 22.933500 73.145857 125.743125 67.260143 143.692800 49.230800 40.877750 131.834222 40.387500 28.741857 45.360286 59.172300 62.421231 105.453000 100.459000 103.917554 
36.128294 37.814042 42.039333 35.348000 105.353500 88.203000 139.781250 160.590714 4.752125 155.559500 64.806250 125.241250 161.126214 108.003000 30.899700 113.530000 101.245200 -7.015571 110.494400 96.478000 98.468500 
-36.128294 -37.814042 -42.039333 -35.348000 -105.353500 -88.203000 -139.781250 -160.590714 -4.752125 -155.559500 -64.806250 -125.241250 -161.126214 -108.003000 -30.899700 -113.530000 -101.245200 7.015571 -110.494400 -96.478000 -98.468500 
-33.950630 -34.442547 -33.588750 -36.118000 -123.769000 -22.933500 -73.145857 -125.743125 -67.260143 -143.692800 -49.230800 -40.877750 -131.834222 -40.387500 -28.741857 -45.360286 -59.172300 -62.421231 -105.453000 -100.459000 -103.917554 
-29.707444 -27.417637 -24.328063 -20.849667 -82.662000 -83.617528 -142.094600 -147.327500 4.914000 -90.287000 -148.217500 -125.966750 -79.228667 -7.422111 -103.601778 -142.228750 -30.606533 -89.913000 -111.740650 -114.815663 -102.653795 
-26.714681 -23.018962 -17.311188 -6.755833 -70.478394 -62.836544 -147.100208 -151.878525 -53.006000 -48.603750 -130.834000 -139.299160 -49.975375 -6.332143 -72.923250 -1.319909 -27.477889 -121.268250 -141.610000 -92.686724 -104.634075 
-24.866822 -20.165075 -12.033510 12.325367 -58.593432 -58.294787 -149.489367 -146.105156 -142.435890 -46.255286 -42.577394 -31.572667 -52.724000 -58.832667 23.965333 14.266000 -141.862000 -14.863500 -92.580583 -106.399837 -99.440238 
-24.866822 -0.000000 -0.000000 -148.593432 -58.593432 -58.892077 -57.032417 -143.313097 -138.014033 -135.350922 -40.135116 -38.095059 -34.833863 -50.434265 -70.884333 -66.128750 -74.647063 -77.124188 -98.722042 -99.234154 -102.816996 
