21 12
0.041040 0.041040 0.000000 0.041271 0.041271 0.000000 0.041443 0.041443 0.000000 0.041641 0.041641 0.000000 0.041837 0.041837 0.000000 0.042005 0.042005 0.000000 0.041443 0.041443 0.000000 0.039752 0.039752 0.000000 0.037363 0.037363 0.000000 0.033194 0.033194 0.000000 0.033572 0.033572 0.000000 0.031928 0.031928 0.000000 0.034146 0.034146 0.000000 0.032766 0.032766 0.000000 0.033278 0.033278 0.000000 0.035363 0.035363 0.000000 0.037363 0.037363 0.000000 0.039314 0.039314 0.000000 0.039658 0.039658 0.000000 0.039251 0.039251 0.000000 0.038311 0.038311 0.000000 
0.040806 0.040806 0.000000 0.041069 0.041069 0.000000 0.041271 0.041271 0.000000 0.041443 0.041443 0.000000 0.041613 0.041613 0.000000 0.041866 0.041866 0.000000 0.042660 0.042660 0.000000 0.041385 0.041385 0.000000 0.037398 0.037398 0.000000 0.036943 0.036943 0.000000 0.022888 0.022888 0.000000 0.038771 0.038771 0.000000 0.029597 0.029597 0.000000 0.034507 0.034507 0.000000 0.029525 0.029525 0.001434 0.032113 0.032113 0.003984 0.040496 0.040496 0.001434 0.038706 0.038706 0.000000 0.040718 0.040718 0.000000 0.037294 0.037294 0.000000 0.038444 0.038444 0.000000 
0.040150 0.040150 0.000000 0.040659 0.040659 0.000000 0.040865 0.040865 0.000000 0.041127 0.041127 0.000000 0.041155 0.041155 0.000000 0.041299 0.041299 0.000000 0.041585 0.041585 0.000000 0.044829 0.044829 0.000000 0.041271 0.041271 0.000000 0.023164 0.023164 0.000000 0.050572 0.050572 0.000000 0.038575 0.038575 0.000000 0.042170 0.042170 0.000000 0.026786 0.026786 0.001277 0.032052 0.032052 0.008995 0.023251 0.023251 0.011673 0.022014 0.022014 0.008995 0.051043 0.051043 0.001277 0.028985 0.028985 0.000000 0.038770 0.038770 0.000000 0.038011 0.038011 0.000000 
0.038932 0.038932 0.000000 0.039813 0.039813 0.000000 0.040688 0.040688 0.000000 0.040180 0.040180 0.000000 0.041385 0.041385 0.000000 0.039905 0.039905 0.000000 0.040659 0.040659 0.000000 0.038867 0.038867 0.000000 0.052469 0.052469 0.000000 0.044313 0.044313 0.000000 0.026686 0.026686 0.000000 0.041697 0.041697 0.000000 0.041782 0.041782 0.000000 0.028288 0.028288 0.006918 0.031682 0.031682 0.015074 0.026773 0.026773 0.018162 0.035391 0.035391 0.015074 0.024948 0.024948 0.006918 0.045590 0.045590 0.000000 0.037877 0.037877 0.000000 0.039314 0.039314 0.000000 
0.036943 0.036943 0.000000 0.038212 0.038212 0.000000 0.039440 0.039440 0.000000 0.041865 0.041865 0.000000 0.036040 0.036040 0.000000 0.047358 0.047358 0.000000 0.030772 0.030772 0.000000 0.036729 0.036729 0.000000 0.024362 0.024362 0.000000 0.036765 0.036765 0.000000 0.047698 0.047698 0.000000 0.025980 0.025980 0.000000 0.042795 0.042795 0.000000 0.039580 0.039580 0.010787 0.033780 0.033780 0.019754 0.036914 0.036914 0.022980 0.019519 0.019519 0.019754 0.032551 0.032551 0.010787 0.042253 0.042253 0.000000 0.040981 0.040981 0.000000 0.042821 0.042821 0.000000 
0.035402 0.035402 0.000000 0.033819 0.033819 0.000000 0.038279 0.038279 0.000000 0.042005 0.042005 0.000000 0.047228 0.047228 0.000000 0.053356 0.053356 0.000000 0.048907 0.048907 0.000000 0.056138 0.056138 0.000000 0.031566 0.031566 0.000000 0.000412 0.000412 0.000000 0.040806 0.040806 0.000000 0.001986 0.001986 0.000000 0.039282 0.039282 0.000000 0.019218 0.019218 0.012798 0.020136 0.020136 0.022581 0.010330 0.010330 0.022980 0.036928 0.036928 0.022581 0.031376 0.031376 0.012798 0.041584 0.041584 0.000000 0.047845 0.047845 0.000000 0.046637 0.046637 0.000000 
0.035402 0.035402 0.000000 0.033819 0.033819 0.000000 0.038279 0.038279 0.000000 0.042005 0.042005 0.000000 0.047228 0.047228 0.000000 0.053356 0.053356 0.000000 0.048907 0.048907 0.000000 0.056138 0.056138 0.000000 0.031566 0.031566 0.000000 0.000412 0.000412 0.000000 0.040806 0.040806 0.000000 0.001986 0.001986 0.000000 0.039282 0.039282 0.000000 0.019218 0.019218 0.012798 0.020136 0.020136 0.022581 0.010330 0.010330 0.022980 0.036928 0.036928 0.022581 0.031376 0.031376 0.012798 0.041584 0.041584 0.000000 0.047845 0.047845 0.000000 0.046637 0.046637 0.000000 
0.036943 0.036943 0.000000 0.038212 0.038212 0.000000 0.039440 0.039440 0.000000 0.041865 0.041865 0.000000 0.036040 0.036040 0.000000 0.047358 0.047358 0.000000 0.030772 0.030772 0.000000 0.036729 0.036729 0.000000 0.024362 0.024362 0.000000 0.036765 0.036765 0.000000 0.047698 0.047698 0.000000 0.025980 0.025980 0.000000 0.042795 0.042795 0.000000 0.039580 0.039580 0.010787 0.033780 0.033780 0.019754 0.036914 0.036914 0.022980 0.019519 0.019519 0.019754 0.032551 0.032551 0.010787 0.042253 0.042253 0.000000 0.040981 0.040981 0.000000 0.042821 0.042821 0.000000 
0.038932 0.038932 0.000000 0.039813 0.039813 0.000000 0.040688 0.040688 0.000000 0.040180 0.040180 0.000000 0.041385 0.041385 0.000000 0.039905 0.039905 0.000000 0.040659 0.040659 0.000000 0.038867 0.038867 0.000000 0.052469 0.052469 0.000000 0.044313 0.044313 0.000000 0.026686 0.026686 0.000000 0.041697 0.041697 0.000000 0.041782 0.041782 0.000000 0.028288 0.028288 0.006918 0.031682 0.031682 0.015074 0.026773 0.026773 0.018162 0.035391 0.035391 0.015074 0.024948 0.024948 0.006918 0.045590 0.045590 0.000000 0.037877 0.037877 0.000000 0.039314 0.039314 0.000000 
0.040150 0.040150 0.000000 0.040659 0.040659 0.000000 0.040865 0.040865 0.000000 0.041127 0.041127 0.000000 0.041155 0.041155 0.000000 0.041299 0.041299 0.000000 0.041585 0.041585 0.000000 0.044829 0.044829 0.000000 0.041271 0.041271 0.000000 0.023164 0.023164 0.000000 0.050572 0.050572 0.000000 0.038575 0.038575 0.000000 0.042170 0.042170 0.000000 0.026786 0.026786 0.001277 0.032052 0.032052 0.008995 0.023251 0.023251 0.011673 0.022014 0.022014 0.008995 0.051043 0.051043 0.001277 0.028985 0.028985 0.000000 0.038770 0.038770 0.000000 0.038011 0.038011 0.000000 
0.040806 0.040806 0.000000 0.041069 0.041069 0.000000 0.041271 0.041271 0.000000 0.041443 0.041443 0.000000 0.041613 0.041613 0.000000 0.041866 0.041866 0.000000 0.042660 0.042660 0.000000 0.041385 0.041385 0.000000 0.037398 0.037398 0.000000 0.036943 0.036943 0.000000 0.022888 0.022888 0.000000 0.038771 0.038771 0.000000 0.029597 0.029597 0.000000 0.034507 0.034507 0.000000 0.029525 0.029525 0.001434 0.032113 0.032113 0.003984 0.040496 0.040496 0.001434 0.038706 0.038706 0.000000 0.040718 0.040718 0.000000 0.037294 0.037294 0.000000 0.038444 0.038444 0.000000 
0.041040 0.041040 0.000000 0.041271 0.041271 0.000000 0.041443 0.041443 0.000000 0.041641 0.041641 0.000000 0.041837 0.041837 0.000000 0.042005 0.042005 0.000000 0.041443 0.041443 0.000000 0.039752 0.039752 0.000000 0.037363 0.037363 0.000000 0.033194 0.033194 0.000000 0.033572 0.033572 0.000000 0.031928 0.031928 0.000000 0.034146 0.034146 0.000000 0.032766 0.032766 0.000000 0.033278 0.033278 0.000000 0.035363 0.035363 0.000000 0.037363 0.037363 0.000000 0.039314 0.039314 0.000000 0.039658 0.039658 0.000000 0.039251 0.039251 0.000000 0.038311 0.038311 0.000000 
0.000000 0.000000 0.000000 0.000000 0.000000 0.000000 0.000000 0.000000 0.000000 0.000000 0.000000 0.000000 0.000000 0.000000 0.000000 0.000000 0.000000 0.000000 0.000000 0.000000 0.000000 
0.000000 0.000000 0.000000 0.000000 0.000000 0.000000 0.000000 0.000000 0.000000 0.000000 0.000000 0.000000 0.000000 0.000000 0.000000 0.000000 0.000000 0.000000 0.000000 0.000000 0.000000 
0.000000 0.000000 0.000000 0.000000 0.000000 0.000000 0.000000 0.000000 0.000000 0.000000 0.000000 0.000000 0.000000 0.000000 0.000000 0.000000 0.000000 0.000000 0.000000 0.000000 0.000000 
0.000000 0.000000 0.000000 0.000000 0.000000 0.000000 0.000000 0.000000 0.000000 0.000000 0.000000 0.000000 0.000000 0.000000 0.000000 0.000000 0.000000 0.000000 0.000000 0.000000 0.000000 
0.000000 0.000000 0.000000 0.000000 0.000000 0.000000 0.000000 0.000000 0.000000 0.000000 0.000000 0.000000 0.000000 0.000000 0.000000 0.000000 0.000000 0.000000 0.000000 0.000000 0.000000 
0.000000 0.000000 0.000000 0.000000 0.000000 0.000000 0.000000 0.000000 0.000000 0.000000 0.000000 0.000000 0.000000 0.000000 0.000000 0.000000 0.000000 0.000000 0.000000 0.000000 0.000000 
0.000000 0.000000 0.000000 0.000000 0.000000 0.000000 0.000000 0.000000 0.000000 0.000000 0.000000 0.000000 0.000000 0.000000 0.000000 0.000000 0.000000 0.000000 0.000000 0.000000 0.000000 
0.000000 0.000000 0.000000 0.000000 0.000000 0.000000 0.000000 0.000000 0.000000 0.000000 0.000000 0.000000 0.000000 0.000000 0.000000 0.000000 0.000000 0.000000 0.000000 0.000000 0.000000 
0.000000 0.000000 0.000000 0.000000 0.000000 0.000000 0.000000 0.000000 0.000000 0.000000 0.000000 0.000000 0.000000 0.000000 0.000000 0.000000 0.000000 0.000000 0.000000 0.000000 0.000000 
0.000000 0.000000 0.000000 0.000000 0.000000 0.000000 0.000000 0.000000 0.000000 0.000000 0.000000 0.000000 0.000000 0.000000 0.000000 0.000000 0.000000 0.000000 0.000000 0.000000 0.000000 
0.000000 0.000000 0.000000 0.000000 0.000000 0.000000 0.000000 0.000000 0.000000 0.000000 0.000000 0.000000 0.000000 0.000000 0.000000 0.000000 0.000000 0.000000 0.000000 0.000000 0.000000 
0.000000 0.000000 0.000000 0.000000 0.000000 0.000000 0.000000 0.000000 0.000000 0.000000 0.000000 0.000000 0.000000 0.000000 0.000000 0.000000 0.000000 0.000000 0.000000 0.000000 0.000000 
