21 12
0.041040 0.041040 0.008720 0.041271 0.041271 0.008720 0.041443 0.041443 0.008720 0.041641 0.041641 0.008720 0.041837 0.041837 0.008720 0.042005 0.042005 0.008720 0.041443 0.041443 0.008720 0.039752 0.039752 0.008720 0.037363 0.037363 0.008720 0.033194 0.033194 0.008720 0.033572 0.033572 0.008720 0.031928 0.031928 0.008720 0.034146 0.034146 0.008720 0.032766 0.032766 0.008720 0.033278 0.033278 0.008720 0.035363 0.035363 0.008720 0.037363 0.037363 0.008720 0.039314 0.039314 0.008720 0.039658 0.039658 0.008720 0.039251 0.039251 0.008720 0.038311 0.038311 0.008720 
0.040806 0.040806 0.008720 0.041069 0.041069 0.008720 0.041271 0.041271 0.008720 0.041443 0.041443 0.008720 0.041613 0.041613 0.008720 0.041866 0.041866 0.008720 0.042660 0.042660 0.008720 0.041385 0.041385 0.008720 0.037398 0.037398 0.008720 0.036943 0.036943 0.008720 0.022888 0.022888 0.008720 0.038771 0.038771 0.008720 0.029597 0.029597 0.008720 0.034507 0.034507 0.008720 0.029525 0.029525 0.010154 0.032113 0.032113 0.012705 0.040496 0.040496 0.010154 0.038706 0.038706 0.008720 0.040718 0.040718 0.008720 0.037294 0.037294 0.008720 0.038444 0.038444 0.008720 
0.040150 0.040150 0.008720 0.040659 0.040659 0.008720 0.040865 0.040865 0.008720 0.041127 0.041127 0.008720 0.041155 0.041155 0.008720 0.041299 0.041299 0.008720 0.041585 0.041585 0.008720 0.044829 0.044829 0.008720 0.041271 0.041271 0.008720 0.023164 0.023164 0.008720 0.050572 0.050572 0.008720 0.038575 0.038575 0.008720 0.042170 0.042170 0.008720 0.026786 0.026786 0.009998 0.032052 0.032052 0.017716 0.023251 0.023251 0.020394 0.022014 0.022014 0.017716 0.051043 0.051043 0.009998 0.028985 0.028985 0.008720 0.038770 0.038770 0.008720 0.038011 0.038011 0.008720 
0.038932 0.038932 0.008720 0.039813 0.039813 0.008720 0.040688 0.040688 0.008720 0.040180 0.040180 0.008720 0.041385 0.041385 0.008720 0.039905 0.039905 0.008720 0.040659 0.040659 0.008720 0.038867 0.038867 0.008720 0.052469 0.052469 0.008720 0.044313 0.044313 0.008720 0.026686 0.026686 0.008720 0.041697 0.041697 0.008720 0.041782 0.041782 0.008720 0.028288 0.028288 0.015639 0.031682 0.031682 0.023794 0.026773 0.026773 0.026882 0.035391 0.035391 0.023794 0.024948 0.024948 0.015639 0.045590 0.045590 0.008720 0.037877 0.037877 0.008720 0.039314 0.039314 0.008720 
0.036943 0.036943 0.008720 0.038212 0.038212 0.008720 0.039440 0.039440 0.008720 0.041865 0.041865 0.008720 0.036040 0.036040 0.008720 0.047358 0.047358 0.008720 0.030772 0.030772 0.008720 0.036729 0.036729 0.008720 0.024362 0.024362 0.008720 0.036765 0.036765 0.008720 0.047698 0.047698 0.008720 0.025980 0.025980 0.008720 0.042795 0.042795 0.008720 0.039580 0.039580 0.019507 0.033780 0.033780 0.028475 0.036914 0.036914 0.031700 0.019519 0.019519 0.028475 0.032551 0.032551 0.019507 0.042253 0.042253 0.008720 0.040981 0.040981 0.008720 0.042821 0.042821 0.008720 
0.035402 0.035402 0.008720 0.033819 0.033819 0.008720 0.038279 0.038279 0.008720 0.042005 0.042005 0.008720 0.047228 0.047228 0.008720 0.053356 0.053356 0.008720 0.048907 0.048907 0.008720 0.056138 0.056138 0.008720 0.031566 0.031566 0.008720 0.000412 0.000412 0.008720 0.040806 0.040806 0.008720 0.001986 0.001986 0.008720 0.039282 0.039282 0.008720 0.019218 0.019218 0.021518 0.020136 0.020136 0.031302 0.010330 0.010330 0.031700 0.036928 0.036928 0.031302 0.031376 0.031376 0.021518 0.041584 0.041584 0.008720 0.047845 0.047845 0.008720 0.046637 0.046637 0.008720 
0.035402 0.035402 0.008720 0.033819 0.033819 0.008720 0.038279 0.038279 0.008720 0.042005 0.042005 0.008720 0.047228 0.047228 0.008720 0.053356 0.053356 0.008720 0.048907 0.048907 0.008720 0.056138 0.056138 0.008720 0.031566 0.031566 0.008720 0.000412 0.000412 0.008720 0.040806 0.040806 0.008720 0.001986 0.001986 0.008720 0.039282 0.039282 0.008720 0.019218 0.019218 0.021518 0.020136 0.020136 0.031302 0.010330 0.010330 0.031700 0.036928 0.036928 0.031302 0.031376 0.031376 0.021518 0.041584 0.041584 0.008720 0.047845 0.047845 0.008720 0.046637 0.046637 0.008720 
0.036943 0.036943 0.008720 0.038212 0.038212 0.008720 0.039440 0.039440 0.008720 0.041865 0.041865 0.008720 0.036040 0.036040 0.008720 0.047358 0.047358 0.008720 0.030772 0.030772 0.008720 0.036729 0.036729 0.008720 0.024362 0.024362 0.008720 0.036765 0.036765 0.008720 0.047698 0.047698 0.008720 0.025980 0.025980 0.008720 0.042795 0.042795 0.008720 0.039580 0.039580 0.019507 0.033780 0.033780 0.028475 0.036914 0.036914 0.031700 0.019519 0.019519 0.028475 0.032551 0.032551 0.019507 0.042253 0.042253 0.008720 0.040981 0.040981 0.008720 0.042821 0.042821 0.008720 
0.038932 0.038932 0.008720 0.039813 0.039813 0.008720 0.040688 0.040688 0.008720 0.040180 0.040180 0.008720 0.041385 0.041385 0.008720 0.039905 0.039905 0.008720 0.040659 0.040659 0.008720 0.038867 0.038867 0.008720 0.052469 0.052469 0.008720 0.044313 0.044313 0.008720 0.026686 0.026686 0.008720 0.041697 0.041697 0.008720 0.041782 0.041782 0.008720 0.028288 0.028288 0.015639 0.031682 0.031682 0.023794 0.026773 0.026773 0.026882 0.035391 0.035391 0.023794 0.024948 0.024948 0.015639 0.045590 0.045590 0.008720 0.037877 0.037877 0.008720 0.039314 0.039314 0.008720 
0.040150 0.040150 0.008720 0.040659 0.040659 0.008720 0.040865 0.040865 0.008720 0.041127 0.041127 0.008720 0.041155 0.041155 0.008720 0.041299 0.041299 0.008720 0.041585 0.041585 0.008720 0.044829 0.044829 0.008720 0.041271 0.041271 0.008720 0.023164 0.023164 0.008720 0.050572 0.050572 0.008720 0.038575 0.038575 0.008720 0.042170 0.042170 0.008720 0.026786 0.026786 0.009998 0.032052 0.032052 0.017716 0.023251 0.023251 0.020394 0.022014 0.022014 0.017716 0.051043 0.051043 0.009998 0.028985 0.028985 0.008720 0.038770 0.038770 0.008720 0.038011 0.038011 0.008720 
0.040806 0.040806 0.008720 0.041069 0.041069 0.008720 0.041271 0.041271 0.008720 0.041443 0.041443 0.008720 0.041613 0.041613 0.008720 0.041866 0.041866 0.008720 0.042660 0.042660 0.008720 0.041385 0.041385 0.008720 0.037398 0.037398 0.008720 0.036943 0.036943 0.008720 0.022888 0.022888 0.008720 0.038771 0.038771 0.008720 0.029597 0.029597 0.008720 0.034507 0.034507 0.008720 0.029525 0.029525 0.010154 0.032113 0.032113 0.012705 0.040496 0.040496 0.010154 0.038706 0.038706 0.008720 0.040718 0.040718 0.008720 0.037294 0.037294 0.008720 0.038444 0.038444 0.008720 
0.041040 0.041040 0.008720 0.041271 0.041271 0.008720 0.041443 0.041443 0.008720 0.041641 0.041641 0.008720 0.041837 0.041837 0.008720 0.042005 0.042005 0.008720 0.041443 0.041443 0.008720 0.039752 0.039752 0.008720 0.037363 0.037363 0.008720 0.033194 0.033194 0.008720 0.033572 0.033572 0.008720 0.031928 0.031928 0.008720 0.034146 0.034146 0.008720 0.032766 0.032766 0.008720 0.033278 0.033278 0.008720 0.035363 0.035363 0.008720 0.037363 0.037363 0.008720 0.039314 0.039314 0.008720 0.039658 0.039658 0.008720 0.039251 0.039251 0.008720 0.038311 0.038311 0.008720 
0.000000 0.000000 0.000000 0.000000 0.000000 0.000000 0.000000 0.000000 0.000000 0.000000 0.000000 0.000000 0.000000 0.000000 0.000000 0.000000 0.000000 0.000000 0.000000 0.000000 0.000000 
0.000000 0.000000 0.000000 0.000000 0.000000 0.000000 0.000000 0.000000 0.000000 0.000000 0.000000 0.000000 0.000000 0.000000 0.000000 0.000000 0.000000 0.000000 0.000000 0.000000 0.000000 
0.000000 0.000000 0.000000 0.000000 0.000000 0.000000 0.000000 0.000000 0.000000 0.000000 0.000000 0.000000 0.000000 0.000000 0.000000 0.000000 0.000000 0.000000 0.000000 0.000000 0.000000 
0.000000 0.000000 0.000000 0.000000 0.000000 0.000000 0.000000 0.000000 0.000000 0.000000 0.000000 0.000000 0.000000 0.000000 0.000000 0.000000 0.000000 0.000000 0.000000 0.000000 0.000000 
0.000000 0.000000 0.000000 0.000000 0.000000 0.000000 0.000000 0.000000 0.000000 0.000000 0.000000 0.000000 0.000000 0.000000 0.000000 0.000000 0.000000 0.000000 0.000000 0.000000 0.000000 
0.000000 0.000000 0.000000 0.000000 0.000000 0.000000 0.000000 0.000000 0.000000 0.000000 0.000000 0.000000 0.000000 0.000000 0.000000 0.000000 0.000000 0.000000 0.000000 0.000000 0.000000 
0.000000 0.000000 0.000000 0.000000 0.000000 0.000000 0.000000 0.000000 0.000000 0.000000 0.000000 0.000000 0.000000 0.000000 0.000000 0.000000 0.000000 0.000000 0.000000 0.000000 0.000000 
0.000000 0.000000 0.000000 0.000000 0.000000 0.000000 0.000000 0.000000 0.000000 0.000000 0.000000 0.000000 0.000000 0.000000 0.000000 0.000000 0.000000 0.000000 0.000000 0.000000 0.000000 
0.000000 0.000000 0.000000 0.000000 0.000000 0.000000 0.000000 0.000000 0.000000 0.000000 0.000000 0.000000 0.000000 0.000000 0.000000 0.000000 0.000000 0.000000 0.000000 0.000000 0.000000 
0.000000 0.000000 0.000000 0.000000 0.000000 0.000000 0.000000 0.000000 0.000000 0.000000 0.000000 0.000000 0.000000 0.000000 0.000000 0.000000 0.000000 0.000000 0.000000 0.000000 0.000000 
0.000000 0.000000 0.000000 0.000000 0.000000 0.000000 0.000000 0.000000 0.000000 0.000000 0.000000 0.000000 0.000000 0.000000 0.000000 0.000000 0.000000 0.000000 0.000000 0.000000 0.000000 
0.000000 0.000000 0.000000 0.000000 0.000000 0.000000 0.000000 0.000000 0.000000 0.000000 0.000000 0.000000 0.000000 0.000000 0.000000 0.000000 0.000000 0.000000 0.000000 0.000000 0.000000 
