21 12
0.027867 0.027867 0.021907 0.027088 0.027088 0.021907 0.026628 0.026628 0.021907 0.026974 0.026974 0.021907 0.027867 0.027867 0.021907 0.029598 0.029598 0.021907 0.031196 0.031196 0.021907 0.033067 0.033067 0.021907 0.033861 0.033861 0.021907 0.033236 0.033236 0.021907 0.033362 0.033362 0.021907 0.035017 0.035017 0.021907 0.033194 0.033194 0.021907 0.029997 0.029997 0.021907 0.031519 0.031519 0.021907 0.036113 0.036113 0.021907 0.040835 0.040835 0.021907 0.037843 0.037843 0.021907 0.035056 0.035056 0.021907 0.033737 0.033737 0.021907 0.033778 0.033778 0.021907 
0.028566 0.028566 0.021907 0.027922 0.027922 0.021907 0.026686 0.026686 0.021907 0.026277 0.026277 0.021907 0.026743 0.026743 0.021907 0.027257 0.027257 0.021907 0.030242 0.030242 0.021907 0.033613 0.033613 0.021907 0.034387 0.034387 0.021907 0.034105 0.034105 0.021907 0.030819 0.030819 0.021907 0.034861 0.034861 0.021907 0.040360 0.040360 0.021907 0.019826 0.019826 0.021907 0.023300 0.023300 0.021907 0.044388 0.044388 0.021907 0.036039 0.036039 0.021907 0.034547 0.034547 0.021907 0.032197 0.032197 0.021907 0.033778 0.033778 0.021907 0.033109 0.033109 0.021907 
0.029396 0.029396 0.021907 0.029798 0.029798 0.021907 0.028301 0.028301 0.021907 0.025125 0.025125 0.021907 0.025310 0.025310 0.021907 0.024491 0.024491 0.021907 0.026686 0.026686 0.021907 0.029897 0.029897 0.021907 0.040836 0.040836 0.021907 0.030388 0.030388 0.021907 0.031519 0.031519 0.021907 0.030436 0.030436 0.021907 0.039471 0.039471 0.021907 0.024555 0.024555 0.021907 0.035704 0.035704 0.021907 0.045117 0.045117 0.021907 0.035704 0.035704 0.021907 0.016140 0.016140 0.021907 0.034822 0.034822 0.021907 0.031793 0.031793 0.021907 0.033152 0.033152 0.021907 
0.029243 0.029243 0.021907 0.030581 0.030581 0.021907 0.033321 0.033321 0.021907 0.027200 0.027200 0.021907 0.018239 0.018239 0.021907 0.026218 0.026218 0.021907 0.018838 0.018838 0.021907 0.030291 0.030291 0.021907 0.023232 0.023232 0.021907 0.008167 0.008167 0.021907 0.033613 0.033613 0.021907 0.042579 0.042579 0.021907 0.038900 0.038900 0.021907 0.027425 0.027425 0.021907 0.040270 0.040270 0.021907 0.028567 0.028567 0.021907 0.033902 0.033902 0.021907 0.047292 0.047292 0.021907 0.023436 0.023436 0.021907 0.033819 0.033819 0.021907 0.034387 0.034387 0.021907 
0.029293 0.029293 0.021907 0.027144 0.027144 0.021907 0.033067 0.033067 0.021907 0.048198 0.048198 0.021907 0.033066 0.033066 0.021907 0.036077 0.036077 0.021907 0.017532 0.017532 0.021907 0.022253 0.022253 0.021907 0.017170 0.017170 0.021907 0.031335 0.031335 0.021907 0.042821 0.042821 0.021907 0.036942 0.036942 0.021907 0.036514 0.036514 0.021907 0.053211 0.053211 0.021907 0.033488 0.033488 0.021907 0.028933 0.028933 0.021907 0.038900 0.038900 0.021907 0.035249 0.035249 0.021907 0.035891 0.035891 0.021907 0.036260 0.036260 0.021907 0.036801 0.036801 0.021907 
0.028829 0.028829 0.021907 0.030388 0.030388 0.021907 0.031196 0.031196 0.021907 0.025496 0.025496 0.021907 0.022537 0.022537 0.021907 0.019584 0.019584 0.021907 0.029648 0.029648 0.021907 0.023904 0.023904 0.021907 0.028031 0.028031 0.021907 0.010558 0.010558 0.021907 0.032766 0.032766 0.021907 0.031973 0.031973 0.021907 0.048012 0.048012 0.021907 0.040089 0.040089 0.021907 0.039502 0.039502 0.021907 0.007884 0.007884 0.021907 0.026453 0.026453 0.021907 0.029446 0.029446 0.021907 0.029243 0.029243 0.021907 0.038803 0.038803 0.021907 0.039534 0.039534 0.021907 
0.028829 0.028829 0.021907 0.030388 0.030388 0.021907 0.031196 0.031196 0.021907 0.025496 0.025496 0.021907 0.022537 0.022537 0.021907 0.019584 0.019584 0.021907 0.029648 0.029648 0.021907 0.023904 0.023904 0.021907 0.028031 0.028031 0.021907 0.010558 0.010558 0.021907 0.032766 0.032766 0.021907 0.031973 0.031973 0.021907 0.048012 0.048012 0.021907 0.040089 0.040089 0.021907 0.039502 0.039502 0.021907 0.007884 0.007884 0.021907 0.026453 0.026453 0.021907 0.029446 0.029446 0.021907 0.029243 0.029243 0.021907 0.038803 0.038803 0.021907 0.039534 0.039534 0.021907 
0.029293 0.029293 0.021907 0.027144 0.027144 0.021907 0.033067 0.033067 0.021907 0.048198 0.048198 0.021907 0.033066 0.033066 0.021907 0.036077 0.036077 0.021907 0.017532 0.017532 0.021907 0.022253 0.022253 0.021907 0.017170 0.017170 0.021907 0.031335 0.031335 0.021907 0.042821 0.042821 0.021907 0.036942 0.036942 0.021907 0.036514 0.036514 0.021907 0.053211 0.053211 0.021907 0.033488 0.033488 0.021907 0.028933 0.028933 0.021907 0.038900 0.038900 0.021907 0.035249 0.035249 0.021907 0.035891 0.035891 0.021907 0.036260 0.036260 0.021907 0.036801 0.036801 0.021907 
0.029243 0.029243 0.021907 0.030581 0.030581 0.021907 0.033321 0.033321 0.021907 0.027200 0.027200 0.021907 0.018239 0.018239 0.021907 0.026218 0.026218 0.021907 0.018838 0.018838 0.021907 0.030291 0.030291 0.021907 0.023232 0.023232 0.021907 0.008167 0.008167 0.021907 0.033613 0.033613 0.021907 0.042579 0.042579 0.021907 0.038900 0.038900 0.021907 0.027425 0.027425 0.021907 0.040270 0.040270 0.021907 0.028567 0.028567 0.021907 0.033902 0.033902 0.021907 0.047292 0.047292 0.021907 0.023436 0.023436 0.021907 0.033819 0.033819 0.021907 0.034387 0.034387 0.021907 
0.029396 0.029396 0.021907 0.029798 0.029798 0.021907 0.028301 0.028301 0.021907 0.025125 0.025125 0.021907 0.025310 0.025310 0.021907 0.024491 0.024491 0.021907 0.026686 0.026686 0.021907 0.029897 0.029897 0.021907 0.040836 0.040836 0.021907 0.030388 0.030388 0.021907 0.031519 0.031519 0.021907 0.030436 0.030436 0.021907 0.039471 0.039471 0.021907 0.024555 0.024555 0.021907 0.035704 0.035704 0.021907 0.045117 0.045117 0.021907 0.035704 0.035704 0.021907 0.016140 0.016140 0.021907 0.034822 0.034822 0.021907 0.031793 0.031793 0.021907 0.033152 0.033152 0.021907 
0.028566 0.028566 0.021907 0.027922 0.027922 0.021907 0.026686 0.026686 0.021907 0.026277 0.026277 0.021907 0.026743 0.026743 0.021907 0.027257 0.027257 0.021907 0.030242 0.030242 0.021907 0.033613 0.033613 0.021907 0.034387 0.034387 0.021907 0.034105 0.034105 0.021907 0.030819 0.030819 0.021907 0.034861 0.034861 0.021907 0.040360 0.040360 0.021907 0.019826 0.019826 0.021907 0.023300 0.023300 0.021907 0.044388 0.044388 0.021907 0.036039 0.036039 0.021907 0.034547 0.034547 0.021907 0.032197 0.032197 0.021907 0.033778 0.033778 0.021907 0.033109 0.033109 0.021907 
0.027867 0.027867 0.021907 0.027088 0.027088 0.021907 0.026628 0.026628 0.021907 0.026974 0.026974 0.021907 0.027867 0.027867 0.021907 0.029598 0.029598 0.021907 0.031196 0.031196 0.021907 0.033067 0.033067 0.021907 0.033861 0.033861 0.021907 0.033236 0.033236 0.021907 0.033362 0.033362 0.021907 0.035017 0.035017 0.021907 0.033194 0.033194 0.021907 0.029997 0.029997 0.021907 0.031519 0.031519 0.021907 0.036113 0.036113 0.021907 0.040835 0.040835 0.021907 0.037843 0.037843 0.021907 0.035056 0.035056 0.021907 0.033737 0.033737 0.021907 0.033778 0.033778 0.021907 
0.000000 0.000000 0.000000 0.000000 0.000000 0.000000 0.000000 0.000000 0.000000 0.000000 0.000000 0.000000 0.000000 0.000000 0.000000 0.000000 0.000000 0.000000 0.000000 0.000000 0.000000 
0.000000 0.000000 0.000000 0.000000 0.000000 0.000000 0.000000 0.000000 0.000000 0.000000 0.000000 0.000000 0.000000 0.000000 0.000000 0.000000 0.000000 0.000000 0.000000 0.000000 0.000000 
0.000000 0.000000 0.000000 0.000000 0.000000 0.000000 0.000000 0.000000 0.000000 0.000000 0.000000 0.000000 0.000000 0.000000 0.000000 0.000000 0.000000 0.000000 0.000000 0.000000 0.000000 
0.000000 0.000000 0.000000 0.000000 0.000000 0.000000 0.000000 0.000000 0.000000 0.000000 0.000000 0.000000 0.000000 0.000000 0.000000 0.000000 0.000000 0.000000 0.000000 0.000000 0.000000 
0.000000 0.000000 0.000000 0.000000 0.000000 0.000000 0.000000 0.000000 0.000000 0.000000 0.000000 0.000000 0.000000 0.000000 0.000000 0.000000 0.000000 0.000000 0.000000 0.000000 0.000000 
0.000000 0.000000 0.000000 0.000000 0.000000 0.000000 0.000000 0.000000 0.000000 0.000000 0.000000 0.000000 0.000000 0.000000 0.000000 0.000000 0.000000 0.000000 0.000000 0.000000 0.000000 
0.000000 0.000000 0.000000 0.000000 0.000000 0.000000 0.000000 0.000000 0.000000 0.000000 0.000000 0.000000 0.000000 0.000000 0.000000 0.000000 0.000000 0.000000 0.000000 0.000000 0.000000 
0.000000 0.000000 0.000000 0.000000 0.000000 0.000000 0.000000 0.000000 0.000000 0.000000 0.000000 0.000000 0.000000 0.000000 0.000000 0.000000 0.000000 0.000000 0.000000 0.000000 0.000000 
0.000000 0.000000 0.000000 0.000000 0.000000 0.000000 0.000000 0.000000 0.000000 0.000000 0.000000 0.000000 0.000000 0.000000 0.000000 0.000000 0.000000 0.000000 0.000000 0.000000 0.000000 
0.000000 0.000000 0.000000 0.000000 0.000000 0.000000 0.000000 0.000000 0.000000 0.000000 0.000000 0.000000 0.000000 0.000000 0.000000 0.000000 0.000000 0.000000 0.000000 0.000000 0.000000 
0.000000 0.000000 0.000000 0.000000 0.000000 0.000000 0.000000 0.000000 0.000000 0.000000 0.000000 0.000000 0.000000 0.000000 0.000000 0.000000 0.000000 0.000000 0.000000 0.000000 0.000000 
0.000000 0.000000 0.000000 0.000000 0.000000 0.000000 0.000000 0.000000 0.000000 0.000000 0.000000 0.000000 0.000000 0.000000 0.000000 0.000000 0.000000 0.000000 0.000000 0.000000 0.000000 
