1140		
1	-40	-522
2	-40	-520
3	-40	-518
4	-40	-516
5	-40	-514
6	-40	-512
7	-40	-510
8	-40	-508
9	-42	-508
10	-42	-506
11	-42	-504
12	-42	-502
13	-44	-502
14	-44	-500
15	-44	-498
16	-44	-496
17	-44	-494
18	-44	-490
19	-44	-486
20	-44	-484
21	-44	-482
22	-44	-480
23	-44	-478
24	-44	-476
25	-44	-474
26	-44	-472
27	-44	-470
28	-44	-468
29	-44	-466
30	-44	-464
31	-44	-462
32	-44	-460
33	-44	-458
34	-44	-456
35	-44	-454
36	-44	-452
37	-44	-450
38	-44	-448
39	-44	-446
40	-44	-444
41	-44	-442
42	-44	-440
43	-44	-438
44	-44	-436
45	-44	-434
46	-44	-432
47	-44	-430
48	-46	-428
49	-46	-426
50	-48	-426
51	-48	-422
52	-48	-420
53	-50	-418
54	-50	-416
55	-54	-416
56	-54	-412
57	-54	-410
58	-54	-408
59	-54	-406
60	-56	-406
61	-56	-404
62	-56	-402
63	-56	-400
64	-56	-398
65	-56	-396
66	-56	-394
67	-56	-392
68	-56	-390
69	-56	-388
70	-56	-386
71	-58	-384
72	-58	-382
73	-58	-380
74	-60	-378
75	-60	-376
76	-60	-374
77	-62	-374
78	-62	-370
79	-62	-368
80	-62	-366
81	-62	-364
82	-64	-364
83	-64	-362
84	-64	-360
85	-64	-358
86	-66	-356
87	-66	-354
88	-66	-352
89	-68	-352
90	-68	-350
91	-68	-348
92	-70	-346
93	-70	-344
94	-72	-342
95	-72	-340
96	-72	-338
97	-74	-338
98	-74	-334
99	-74	-330
100	-76	-326
101	-76	-322
102	-78	-320
103	-78	-318
104	-80	-318
105	-80	-314
106	-80	-310
107	-82	-310
108	-82	-308
109	-84	-308
110	-84	-304
111	-86	-304
112	-88	-302
113	-88	-300
114	-90	-298
115	-90	-296
116	-92	-294
117	-94	-294
118	-94	-290
119	-94	-288
120	-96	-286
121	-98	-284
122	-98	-282
123	-98	-280
124	-98	-278
125	-100	-276
126	-102	-276
127	-102	-274
128	-104	-272
129	-106	-270
130	-106	-266
131	-108	-264
132	-110	-262
133	-110	-258
134	-114	-256
135	-114	-252
136	-114	-250
137	-116	-248
138	-116	-246
139	-118	-244
140	-118	-242
141	-120	-242
142	-122	-242
143	-122	-240
144	-124	-238
145	-124	-236
146	-126	-236
147	-126	-234
148	-128	-232
149	-130	-230
150	-132	-230
151	-132	-228
152	-136	-226
153	-138	-226
154	-138	-224
155	-140	-224
156	-140	-220
157	-142	-218
158	-144	-218
159	-146	-216
160	-148	-216
161	-150	-214
162	-150	-212
163	-152	-212
164	-154	-210
165	-156	-210
166	-158	-208
167	-160	-206
168	-162	-204
169	-164	-202
170	-164	-200
171	-166	-200
172	-168	-198
173	-170	-196
174	-170	-194
175	-172	-194
176	-172	-192
177	-174	-190
178	-176	-190
179	-178	-190
180	-178	-188
181	-180	-188
182	-182	-188
183	-182	-186
184	-184	-186
185	-186	-184
186	-188	-184
187	-188	-182
188	-188	-180
189	-190	-180
190	-192	-178
191	-194	-176
192	-196	-174
193	-200	-174
194	-202	-174
195	-204	-172
196	-204	-170
197	-208	-168
198	-208	-166
199	-210	-166
200	-212	-164
201	-214	-162
202	-216	-162
203	-218	-160
204	-218	-158
205	-220	-158
206	-220	-156
207	-222	-156
208	-224	-154
209	-228	-154
210	-230	-152
211	-232	-152
212	-234	-150
213	-236	-148
214	-238	-148
215	-240	-148
216	-242	-146
217	-242	-144
218	-246	-144
219	-248	-144
220	-250	-142
221	-252	-142
222	-256	-142
223	-258	-140
224	-262	-140
225	-264	-138
226	-268	-138
227	-270	-136
228	-274	-136
229	-278	-134
230	-280	-134
231	-282	-132
232	-284	-132
233	-286	-130
234	-288	-130
235	-290	-130
236	-292	-130
237	-292	-128
238	-294	-128
239	-296	-128
240	-298	-128
241	-298	-126
242	-302	-126
243	-306	-124
244	-308	-124
245	-312	-124
246	-316	-122
247	-320	-122
248	-324	-122
249	-326	-122
250	-328	-122
251	-332	-122
252	-334	-122
253	-336	-122
254	-336	-120
255	-338	-120
256	-340	-120
257	-342	-120
258	-344	-120
259	-346	-120
260	-348	-120
261	-350	-120
262	-352	-120
263	-354	-120
264	-358	-120
265	-362	-120
266	-366	-120
267	-370	-118
268	-374	-118
269	-376	-118
270	-378	-118
271	-380	-118
272	-382	-118
273	-386	-118
274	-388	-118
275	-390	-118
276	-394	-118
277	-398	-118
278	-402	-118
279	-404	-118
280	-406	-118
281	-410	-118
282	-414	-118
283	-418	-120
284	-420	-122
285	-422	-122
286	-424	-122
287	-428	-122
288	-430	-124
289	-432	-126
290	-434	-128
291	-436	-128
292	-438	-128
293	-440	-128
294	-442	-128
295	-444	-128
296	-444	-130
297	-448	-130
298	-450	-130
299	-452	-130
300	-454	-130
301	-456	-132
302	-458	-132
303	-460	-132
304	-462	-134
305	-464	-134
306	-466	-136
307	-470	-136
308	-472	-140
309	-474	-140
310	-478	-140
311	-480	-140
312	-482	-140
313	-484	-142
314	-486	-142
315	-488	-142
316	-492	-142
317	-496	-144
318	-500	-144
319	-502	-144
320	-504	-146
321	-506	-146
322	-508	-146
323	-510	-148
324	-514	-150
325	-516	-150
326	-520	-150
327	-524	-150
328	-526	-152
329	-530	-152
330	-534	-154
331	-536	-154
332	-540	-156
333	-542	-156
334	-546	-156
335	-550	-158
336	-552	-158
337	-554	-158
338	-556	-160
339	-560	-160
340	-562	-160
341	-564	-162
342	-566	-164
343	-568	-164
344	-570	-166
345	-572	-166
346	-572	-168
347	-572	-170
348	-574	-170
349	-578	-170
350	-582	-170
351	-584	-170
352	-590	-174
353	-598	-176
354	-602	-176
355	-606	-178
356	-610	-180
357	-612	-182
358	-616	-184
359	-618	-184
360	-620	-186
361	-622	-186
362	-624	-188
363	-626	-190
364	-628	-192
365	-630	-192
366	-632	-194
367	-636	-196
368	-640	-200
369	-646	-202
370	-650	-204
371	-652	-206
372	-654	-206
373	-656	-206
374	-658	-208
375	-660	-208
376	-662	-210
377	-666	-210
378	-668	-212
379	-670	-212
380	-672	-214
381	-674	-214
382	-676	-214
383	-678	-216
384	-680	-216
385	-682	-216
386	-684	-216
387	-686	-216
388	-688	-218
389	-690	-218
390	-692	-218
391	-694	-220
392	-696	-222
393	-698	-222
394	-700	-224
395	-702	-224
396	-704	-226
397	-706	-226
398	-708	-228
399	-708	-230
400	-710	-230
401	-712	-232
402	-714	-232
403	-716	-234
404	-718	-234
405	-720	-236
406	-722	-236
407	-724	-238
408	-726	-240
409	-728	-242
410	-732	-246
411	-734	-248
412	-738	-250
413	-740	-254
414	-742	-256
415	-742	-260
416	-746	-262
417	-748	-262
418	-750	-264
419	-750	-266
420	-752	-268
421	-754	-268
422	-756	-270
423	-758	-270
424	-758	-272
425	-758	-274
426	-760	-274
427	-764	-276
428	-766	-276
429	-768	-276
430	-770	-278
431	-770	-280
432	-772	-280
433	-772	-282
434	-776	-282
435	-778	-284
436	-780	-286
437	-782	-288
438	-784	-290
439	-786	-290
440	-786	-292
441	-790	-294
442	-792	-296
443	-794	-300
444	-798	-300
445	-800	-302
446	-800	-306
447	-802	-306
448	-804	-308
449	-806	-312
450	-808	-314
451	-810	-314
452	-810	-316
453	-812	-318
454	-814	-320
455	-816	-322
456	-818	-324
457	-820	-326
458	-822	-326
459	-824	-328
460	-826	-332
461	-830	-334
462	-832	-336
463	-834	-338
464	-836	-340
465	-838	-342
466	-840	-344
467	-840	-346
468	-842	-348
469	-846	-350
470	-848	-352
471	-850	-356
472	-852	-356
473	-854	-360
474	-856	-362
475	-858	-364
476	-860	-366
477	-862	-368
478	-864	-370
479	-866	-372
480	-868	-374
481	-868	-378
482	-870	-378
483	-872	-380
484	-874	-382
485	-878	-384
486	-880	-388
487	-882	-390
488	-884	-390
489	-888	-392
490	-890	-396
491	-894	-398
492	-896	-400
493	-900	-402
494	-902	-404
495	-904	-406
496	-906	-408
497	-908	-410
498	-910	-412
499	-912	-414
500	-912	-416
501	-914	-418
502	-916	-420
503	-918	-422
504	-918	-424
505	-920	-426
506	-922	-426
507	-924	-426
508	-926	-430
509	-930	-430
510	-932	-434
511	-934	-436
512	-936	-436
513	-936	-438
514	-938	-438
515	-938	-440
516	-942	-440
517	-944	-442
518	-946	-444
519	-948	-446
520	-950	-448
521	-952	-450
522	-954	-450
523	-954	-452
524	-956	-454
525	-960	-456
526	-962	-460
527	-966	-462
528	-966	-464
529	-968	-466
530	-970	-468
531	-970	-470
532	-972	-470
533	-974	-472
534	-976	-472
535	-978	-474
536	-980	-476
537	-982	-478
538	-984	-478
539	-986	-482
540	-986	-484
541	-988	-486
542	-990	-486
543	-992	-488
544	-994	-490
545	-994	-492
546	-996	-492
547	-996	-494
548	-998	-494
549	-998	-496
550	-1000	-496
551	-1000	-498
552	-1002	-500
553	-1004	-500
554	-1006	-502
555	-1006	-504
556	-1008	-504
557	-1008	-506
558	-1010	-508
559	-1012	-510
560	-1014	-510
561	-1014	-512
562	-1016	-512
563	-1016	-514
564	-1018	-514
565	-1018	-516
566	-1020	-516
567	-1020	-518
568	-1022	-518
569	-1022	-520
570	-1024	-522
571	-1024	-522
572	-1022	-524
573	-1022	-526
574	-1020	-526
575	-1020	-528
576	-1018	-528
577	-1018	-530
578	-1016	-530
579	-1016	-532
580	-1014	-532
581	-1014	-534
582	-1012	-534
583	-1010	-536
584	-1008	-538
585	-1008	-540
586	-1006	-540
587	-1006	-542
588	-1004	-544
589	-1002	-544
590	-1000	-546
591	-1000	-548
592	-998	-548
593	-998	-550
594	-996	-550
595	-996	-552
596	-994	-552
597	-994	-554
598	-992	-556
599	-990	-558
600	-988	-558
601	-986	-560
602	-986	-562
603	-984	-566
604	-982	-566
605	-980	-568
606	-978	-570
607	-976	-572
608	-974	-572
609	-972	-574
610	-970	-574
611	-970	-576
612	-968	-578
613	-966	-580
614	-966	-582
615	-962	-584
616	-960	-588
617	-956	-590
618	-954	-592
619	-954	-594
620	-952	-594
621	-950	-596
622	-948	-598
623	-946	-600
624	-944	-602
625	-942	-604
626	-938	-604
627	-938	-606
628	-936	-606
629	-936	-608
630	-934	-608
631	-932	-610
632	-930	-614
633	-926	-614
634	-924	-618
635	-922	-618
636	-920	-618
637	-918	-620
638	-918	-622
639	-916	-624
640	-914	-626
641	-912	-628
642	-912	-630
643	-910	-632
644	-908	-634
645	-906	-636
646	-904	-638
647	-902	-640
648	-900	-642
649	-896	-644
650	-894	-646
651	-890	-648
652	-888	-652
653	-884	-654
654	-882	-654
655	-880	-656
656	-878	-660
657	-874	-662
658	-872	-664
659	-870	-666
660	-868	-666
661	-868	-670
662	-866	-672
663	-864	-674
664	-862	-676
665	-860	-678
666	-858	-680
667	-856	-682
668	-854	-684
669	-852	-688
670	-850	-688
671	-848	-692
672	-846	-694
673	-842	-696
674	-840	-698
675	-840	-700
676	-838	-702
677	-836	-704
678	-834	-706
679	-832	-708
680	-830	-710
681	-826	-712
682	-824	-716
683	-822	-718
684	-820	-718
685	-818	-720
686	-816	-722
687	-814	-724
688	-812	-726
689	-810	-728
690	-810	-730
691	-808	-730
692	-806	-732
693	-804	-736
694	-802	-738
695	-800	-738
696	-800	-742
697	-798	-744
698	-794	-744
699	-792	-748
700	-790	-750
701	-786	-752
702	-786	-754
703	-784	-754
704	-782	-756
705	-780	-758
706	-778	-760
707	-776	-762
708	-772	-762
709	-772	-764
710	-770	-764
711	-770	-766
712	-768	-768
713	-766	-768
714	-764	-768
715	-760	-770
716	-758	-770
717	-758	-772
718	-758	-774
719	-756	-774
720	-754	-776
721	-752	-776
722	-750	-778
723	-750	-780
724	-748	-782
725	-746	-782
726	-742	-784
727	-742	-788
728	-740	-790
729	-738	-794
730	-734	-796
731	-732	-798
732	-728	-802
733	-726	-804
734	-724	-806
735	-722	-808
736	-720	-808
737	-718	-810
738	-716	-810
739	-714	-812
740	-712	-812
741	-710	-814
742	-708	-814
743	-708	-816
744	-706	-818
745	-704	-818
746	-702	-820
747	-700	-820
748	-698	-822
749	-696	-822
750	-694	-824
751	-692	-826
752	-690	-826
753	-688	-826
754	-686	-828
755	-684	-828
756	-682	-828
757	-680	-828
758	-678	-828
759	-676	-830
760	-674	-830
761	-672	-830
762	-670	-832
763	-668	-832
764	-666	-834
765	-662	-834
766	-660	-836
767	-658	-836
768	-656	-838
769	-654	-838
770	-652	-838
771	-650	-840
772	-646	-842
773	-640	-844
774	-636	-848
775	-632	-850
776	-630	-852
777	-628	-852
778	-626	-854
779	-624	-856
780	-622	-858
781	-620	-858
782	-618	-860
783	-616	-860
784	-612	-862
785	-610	-864
786	-606	-866
787	-602	-868
788	-598	-868
789	-590	-870
790	-584	-874
791	-582	-874
792	-578	-874
793	-574	-874
794	-572	-874
795	-572	-876
796	-572	-878
797	-570	-878
798	-568	-880
799	-566	-880
800	-564	-882
801	-562	-884
802	-560	-884
803	-556	-884
804	-554	-886
805	-552	-886
806	-550	-886
807	-546	-888
808	-542	-888
809	-540	-888
810	-536	-890
811	-534	-890
812	-530	-892
813	-526	-892
814	-524	-894
815	-520	-894
816	-516	-894
817	-514	-894
818	-510	-896
819	-508	-898
820	-506	-898
821	-504	-898
822	-502	-900
823	-500	-900
824	-496	-900
825	-492	-902
826	-488	-902
827	-486	-902
828	-484	-902
829	-482	-904
830	-480	-904
831	-478	-904
832	-474	-904
833	-472	-904
834	-470	-908
835	-466	-908
836	-464	-910
837	-462	-910
838	-460	-912
839	-458	-912
840	-456	-912
841	-454	-914
842	-452	-914
843	-450	-914
844	-448	-914
845	-444	-914
846	-444	-916
847	-442	-916
848	-440	-916
849	-438	-916
850	-436	-916
851	-434	-916
852	-432	-918
853	-430	-920
854	-428	-922
855	-424	-922
856	-422	-922
857	-420	-922
858	-418	-924
859	-414	-926
860	-410	-926
861	-406	-926
862	-404	-926
863	-402	-926
864	-398	-926
865	-394	-926
866	-390	-926
867	-388	-926
868	-386	-926
869	-382	-926
870	-380	-926
871	-378	-926
872	-376	-926
873	-374	-926
874	-370	-926
875	-366	-924
876	-362	-924
877	-358	-924
878	-354	-924
879	-352	-924
880	-350	-924
881	-348	-924
882	-346	-924
883	-344	-924
884	-342	-924
885	-340	-924
886	-338	-924
887	-336	-924
888	-336	-922
889	-334	-922
890	-332	-922
891	-328	-922
892	-326	-922
893	-324	-922
894	-320	-922
895	-316	-922
896	-312	-920
897	-308	-920
898	-306	-920
899	-302	-918
900	-298	-918
901	-298	-916
902	-296	-916
903	-294	-916
904	-292	-916
905	-292	-914
906	-290	-914
907	-288	-914
908	-286	-914
909	-284	-912
910	-282	-912
911	-280	-910
912	-278	-910
913	-274	-908
914	-270	-908
915	-268	-906
916	-264	-906
917	-262	-904
918	-258	-904
919	-256	-902
920	-252	-902
921	-250	-902
922	-248	-900
923	-246	-900
924	-242	-900
925	-242	-898
926	-240	-896
927	-238	-896
928	-236	-896
929	-234	-894
930	-232	-892
931	-230	-892
932	-228	-890
933	-224	-890
934	-222	-888
935	-220	-888
936	-220	-886
937	-218	-886
938	-218	-884
939	-216	-882
940	-214	-882
941	-212	-880
942	-210	-878
943	-208	-878
944	-208	-876
945	-204	-874
946	-204	-872
947	-202	-870
948	-200	-870
949	-196	-870
950	-194	-868
951	-192	-866
952	-190	-864
953	-188	-864
954	-188	-862
955	-188	-860
956	-186	-860
957	-184	-858
958	-182	-858
959	-182	-856
960	-180	-856
961	-178	-856
962	-178	-854
963	-176	-854
964	-174	-854
965	-172	-852
966	-172	-850
967	-170	-850
968	-170	-848
969	-168	-846
970	-166	-844
971	-164	-844
972	-164	-842
973	-162	-840
974	-160	-838
975	-158	-836
976	-156	-834
977	-154	-834
978	-152	-832
979	-150	-832
980	-150	-830
981	-148	-828
982	-146	-828
983	-144	-826
984	-142	-826
985	-140	-824
986	-140	-820
987	-138	-820
988	-138	-818
989	-136	-818
990	-132	-816
991	-132	-814
992	-130	-814
993	-128	-812
994	-126	-810
995	-126	-808
996	-124	-808
997	-124	-806
998	-122	-804
999	-122	-802
1000	-120	-802
1001	-118	-802
1002	-118	-800
1003	-116	-798
1004	-116	-796
1005	-114	-794
1006	-114	-792
1007	-114	-788
1008	-110	-786
1009	-110	-782
1010	-108	-780
1011	-106	-778
1012	-106	-774
1013	-104	-772
1014	-102	-770
1015	-102	-768
1016	-100	-768
1017	-98	-766
1018	-98	-764
1019	-98	-762
1020	-98	-760
1021	-96	-758
1022	-94	-756
1023	-94	-754
1024	-94	-750
1025	-92	-750
1026	-90	-748
1027	-90	-746
1028	-88	-744
1029	-88	-742
1030	-86	-740
1031	-84	-740
1032	-84	-736
1033	-82	-736
1034	-82	-734
1035	-80	-734
1036	-80	-730
1037	-80	-726
1038	-78	-726
1039	-78	-724
1040	-76	-722
1041	-76	-718
1042	-74	-714
1043	-74	-710
1044	-74	-706
1045	-72	-706
1046	-72	-704
1047	-72	-702
1048	-70	-700
1049	-70	-698
1050	-68	-696
1051	-68	-694
1052	-68	-692
1053	-66	-692
1054	-66	-690
1055	-66	-688
1056	-64	-686
1057	-64	-684
1058	-64	-682
1059	-64	-680
1060	-62	-680
1061	-62	-678
1062	-62	-676
1063	-62	-674
1064	-62	-670
1065	-60	-670
1066	-60	-668
1067	-60	-666
1068	-58	-664
1069	-58	-662
1070	-58	-660
1071	-56	-658
1072	-56	-656
1073	-56	-654
1074	-56	-652
1075	-56	-650
1076	-56	-648
1077	-56	-646
1078	-56	-644
1079	-56	-642
1080	-56	-640
1081	-56	-638
1082	-54	-638
1083	-54	-636
1084	-54	-634
1085	-54	-632
1086	-54	-628
1087	-50	-628
1088	-50	-626
1089	-48	-624
1090	-48	-622
1091	-48	-618
1092	-46	-618
1093	-46	-616
1094	-44	-614
1095	-44	-612
1096	-44	-610
1097	-44	-608
1098	-44	-606
1099	-44	-604
1100	-44	-602
1101	-44	-600
1102	-44	-598
1103	-44	-596
1104	-44	-594
1105	-44	-592
1106	-44	-590
1107	-44	-588
1108	-44	-586
1109	-44	-584
1110	-44	-582
1111	-44	-580
1112	-44	-578
1113	-44	-576
1114	-44	-574
1115	-44	-572
1116	-44	-570
1117	-44	-568
1118	-44	-566
1119	-44	-564
1120	-44	-562
1121	-44	-560
1122	-44	-558
1123	-44	-554
1124	-44	-550
1125	-44	-548
1126	-44	-546
1127	-44	-544
1128	-44	-542
1129	-42	-542
1130	-42	-540
1131	-42	-538
1132	-42	-536
1133	-40	-536
1134	-40	-534
1135	-40	-532
1136	-40	-530
1137	-40	-528
1138	-40	-526
1139	-40	-524
1140	-40	-522
