63
1	25			0
2	24.8751041319506	2.49583541617070
3	24.5016644460310	4.96673326987653
4	23.8834122281402	7.38800516653349
5	23.0265248500721	9.73545855771626
6	21.9395640472593	11.9856384651051
7	20.6333903727420	14.1160618348759
8	19.1210546821122	16.1054421809423
9	17.4176677336791	17.9339022724881
10	15.5402492067666	19.5831727406871
11	13.5075576467035	21.0367746201974
12	11.3399030356394	22.2801840015359
13	9.05894386191684	23.3009771491807
14	6.68747071561468	24.0889546354298
15	4.24917857250602	24.6362432497115
16	1.76843004169257	24.9373746651014
17	0.0			25.0
18	-3.22111235738813	24.7916202613117
19	-5.68005236732719	24.3461907719549
20	-8.08223917158760	23.6575021921854
21	-10.4036709136786	22.7324356706420
22	-12.6211526149964	21.5802341662218
23	-14.7125279313837	20.2124100954897
24	-16.6569005319956	18.6426303044180
25	-18.4348428885312	16.8865795137788
26	-20.0285903886734	14.9618036025989
27	-21.4222188342237	12.8875342955366
28	-22.6018035504265	10.6844970058457
29	-23.5555585167165	8.37470375389760
30	-24.2739541287398	5.98123323034953
31	-24.7498124150111	3.52800020149665
32	-25.0			0.0
33	-24.9573693948688	-1.45935358568954
34	-24.6869942477216	-3.94364235358125
35	-24.1699548144865	-6.38852755067082
36	-23.4114171822699	-8.76958069224054
37	-22.4189604083537	-11.0630110823714
38	-21.2025007927602	-13.2459035227124
39	-19.7741927978604	-15.2964472735680
40	-18.1483076050035	-17.1941539795994
41	-16.3410905215903	-18.9200623826982
42	-14.3705986633317	-20.4569277766103
43	-12.2565205335175	-21.7893943103397
44	-10.0199793019994	-22.9041484187364
45	-7.68332174946048	-23.7900518472379
46	-5.26989498576949	-24.4382529416274
47	-2.80381317337637	-24.8422750908366
48	0.0			-25.0
49	2.18747458598614	-24.9041152208960
50	4.66280923556435	-24.5613153156083
51	7.09155463658061	-23.9731068665785
52	9.44944356782446	-23.1453670581933
53	11.7129167825094	-22.0863663930039
54	13.8593584044790	-20.8066860555976
55	15.8673218985658	-19.3191121888997
56	17.7167443572814	-17.6385081392599
57	19.3891469627562	-15.7816659468081
58	20.8678196209789	-13.7671385649410
59	22.1379879235329	-11.6150544853440
60	23.1869607686008	-9.34691662075603
61	24.0042571662591	-6.98538745497327
62	24.5817109610646	-4.55406260680253
63	24.9135524255804	-2.07723507043757
