800
1	170			0
2	169.994756799614	0.942468106645360
3	169.979027521882	1.88487807741848
4	169.952813137060	2.82717178003322
5	169.916115262174	3.76929108937540
6	169.868936160923	4.71117789108823
7	169.811278743535	5.65277408515712
8	169.743146566591	6.59402158949349
9	169.664543832806	7.53486234351760
10	169.575475390766	8.47523831174000
11	169.475946734632	9.41509148734139
12	169.365964003800	10.3543638957508
13	169.245533982524	11.2929975982217
14	169.114664099494	12.2309346954060
15	168.973362427381	13.1681173309254
16	168.821637682337	14.1044876949405
17	168.659499223461	15.0399880277165
18	168.486957052216	15.9745606231863
19	168.304021811815	16.9081478325099
20	168.110704786566	17.8406920676308
21	167.907017901173	18.7721358048277
22	167.692973720004	19.7024215882636
23	167.468585446312	20.6314920335292
24	167.233866921421	21.5592898311831
25	166.988832623877	22.4857577502870
26	166.733497668549	23.4108386419354
27	166.467877805700	24.3344754427815
28	166.191989420014	25.2566111785567
29	165.905849529587	26.1771889675851
30	165.609475784874	27.0961520242925
31	165.302886467605	28.0134436627087
32	164.986100489652	28.9290072999647
33	164.659137391867	29.8427864597826
34	164.322017342874	30.7547247759596
35	163.974761137826	31.6647659958448
36	163.617390197120	32.5728539838089
37	163.249926565080	33.4789327247075
38	162.872392908594	34.3829463273358
39	162.484812515716	35.2848390278765
40	162.087209294230	36.1845551933395
41	161.679607770176	37.0820393249937
42	161.262033086336	37.9772360617904
43	160.834511000683	38.8700901837780
44	160.397067884793	39.7605466155085
45	159.949730722218	40.6485504294350
46	159.492527106822	41.5340468492992
47	159.025485241077	42.4169812535109
48	158.548633934326	43.2972991785171
49	158.062002601003	44.1749463221614
50	157.565621258821	45.0498685470340
51	157.059520526919	45.9220118838108
52	156.543731623974	46.7913225345826
53	156.018286366277	47.6577468761737
54	155.483217165764	48.5212314634494
55	154.938557028026	49.3817230326131
56	154.384339550264	50.2391685044914
57	153.820598919223	51.0935149878088
58	153.247369909082	51.9447097824497
59	152.664687879305	52.7927003827099
60	152.072588772464	53.6374344805346
61	151.471109112023	54.4788599687457
62	150.860286000078	55.3169249442555
63	150.240157115078	56.1515777112689
64	149.610760709492	56.9827667844714
65	148.972135607457	57.8104408922059
66	148.324321202375	58.6345489796346
67	147.667357454492	59.4550402118889
68	147.001284888426	60.2718639772047
69	146.326144590670	61.0849698900446
70	145.641978207058	61.8943077942057
71	144.948827940196	62.6998277659139
72	144.246736546856	63.5014801169029
73	143.535747335343	64.2992153974796
74	142.815904162820	65.0929843995743
75	142.087251432606	65.8827381597758
76	141.349834091433	66.6684279623523
77	140.603697626676	67.4500053422557
78	139.848888063546	68.2274220881117
79	139.085451962254	69.0006302451934
80	138.313436415134	69.7695821183797
81	137.532889043741	70.5342302750968
82	136.743857995914	71.2945275482446
83	135.946391942805	72.0504270391061
84	135.140540075877	72.8018821202399
85	134.326352103867	73.5488464383572
86	133.503878249727	74.2912739171800
87	132.673169247516	75.0291187602846
88	131.834276339280	75.7623354539253
89	130.987251271884	76.4908787698427
90	130.132146293825	77.2147037680534
91	129.269014152005	77.9337657996220
92	128.397908088481	78.6480205094152
93	127.518881837178	79.3574238388382
94	126.631989620576	80.0619320285519
95	125.737286146364	80.7615016211727
96	124.834826604067	81.4560894639529
97	123.924666661640	82.1456527114426
98	123.006862462037	82.8301488281324
99	122.081470619742	83.5095355910776
100	121.148548217285	84.1837710925026
101	120.208152801713	84.8528137423856
102	119.260342381046	85.5166222710245
103	118.305175420694	86.1751557315826
104	117.342710839854	86.8283735026138
105	116.373008007877	87.4762352905693
106	115.396126740600	88.1187011322822
107	114.412127296662	88.7557313974331
108	113.421070373782	89.3872867909945
109	112.423017105021	90.0133283556550
110	111.418029055005	90.6338174742219
111	110.406168216131	91.2487158720036
112	109.387497004743	91.8579856191705
113	108.362078257277	92.4615891330946
114	107.329975226394	93.0594891806680
115	106.291251577070	93.6516488805994
116	105.245971382672	94.2380317056893
117	104.194199121006	94.8186014850827
118	103.135999670340	95.3933224065011
119	102.071438305401	95.9621590184507
120	101.000580693347	96.5250762324100
121	99.9234928897207	97.0820393249935
122	98.8402413343715	97.6330139400943
123	97.7508928473577	98.1779660910027
124	96.6555146248252	98.7168621625030
125	95.5541742348625	99.2496689129473
126	94.4469396133327	99.7763534763053
127	93.3338790596827	100.296883364192
128	92.2150612327305	100.811226467873
129	91.0905551464298	101.319351060242
130	89.9604301656128	101.821225797780
131	88.8247560017117	102.316819722491
132	87.6836027084584	102.806102263806
133	86.5370406775635	103.289043240473
134	85.3851406343737	103.765612862418
135	84.2279736335097	104.235781732583
136	83.0656110544827	104.699520848736
137	81.8981245972920	105.156801605263
138	80.7255862780015	105.607595794936
139	79.5480684242979	106.051875610643
140	78.3656436710290	106.489613647114
141	77.1783849557234	106.920782902604
142	75.9863655140910	107.345356780563
143	74.7896588755060	107.763309091274
144	73.5883388584708	108.174614053469
145	72.3824795660628	108.579246295922
146	71.1721553813633	108.977180859010
147	69.9574409628690	109.368393196253
148	68.7384112398872	109.752859175833
149	67.5151414079132	110.130555082078
150	66.2877069239925	110.501457616923
151	65.0561835020658	110.865543901354
152	63.8206471082987	111.222791476814
153	62.5811739563958	111.573178306590
154	61.3378405028997	111.916682777171
155	60.0907234424743	112.253283699584
156	58.8398997031744	112.582960310698
157	57.5854464417001	112.905692274507
158	56.3274410386377	113.221459683383
159	55.0659610936860	113.530243059305
160	53.8010844208703	113.832023355060
161	52.5328890437417	114.126781955418
162	51.2614531905649	114.414500678280
163	49.9868552894923	114.695161775799
164	48.7091739637264	114.968747935478
165	47.4284880266696	115.235242281233
166	46.1448764770633	115.494628374438
167	44.8584184941141	115.746890214936
168	43.5691934326101	115.992012242029
169	42.2772808180260	116.229979335436
170	40.9827603416173	116.460776816225
171	39.6857118555046	116.684390447721
172	38.3862153677483	116.900806436382
173	37.0843510374130	117.110011432650
174	35.7801991696227	117.311992531775
175	34.4738402106079	117.506737274612
176	33.1653547427426	117.694233648388
177	31.8548234795739	117.874470087443
178	30.5423272608435	118.047435473944
179	29.2279470475004	118.213119138573
180	27.9117639167075	118.371510861179
181	26.5938590568400	118.522600871416
182	25.2743137624777	118.666379849340
183	23.9532094293899	118.802838925987
184	22.6306275495147	118.931969683917
185	21.3066497059326	119.053764157737
186	19.9813575678332	119.168214834591
187	18.6548328854785	119.275314654622
188	17.3271574851594	119.375057011407
189	15.9984132641483	119.467435752370
190	14.6686821856478	119.552445179153
191	13.3380462737345	119.630080047975
192	12.0065876082992	119.700335569952
193	10.6743883199842	119.763207411393
194	9.34153058511668	119.818691694065
195	8.00809662064016	119.866784995436
196	6.67416867904258	119.907484348887
197	5.33982904328273	119.940787243888
198	4.00516002171466	119.966691626160
199	2.67024394301045	119.985195897799
200	1.33516315108187	119.996298917375
201	9.54099068724136e-13	120
202	-1.33516315107997	119.996298917375
203	-2.67024394300855	119.985195897799
204	-4.00516002171275	119.966691626160
205	-5.33982904328083	119.940787243888
206	-6.67416867904067	119.907484348887
207	-8.00809662063825	119.866784995436
208	-9.34153058511477	119.818691694065
209	-10.6743883199823	119.763207411393
210	-12.0065876082973	119.700335569952
211	-13.3380462737326	119.630080047975
212	-14.6686821856459	119.552445179153
213	-15.9984132641464	119.467435752370
214	-17.3271574851575	119.375057011407
215	-18.6548328854766	119.275314654622
216	-19.9813575678313	119.168214834591
217	-21.3066497059307	119.053764157737
218	-22.6306275495128	118.931969683917
219	-23.9532094293880	118.802838925987
220	-25.2743137624758	118.666379849341
221	-26.5938590568382	118.522600871417
222	-27.9117639167056	118.371510861180
223	-29.2279470474985	118.213119138573
224	-30.5423272608416	118.047435473944
225	-31.8548234795721	117.874470087443
226	-33.1653547427407	117.694233648388
227	-34.4738402106060	117.506737274612
228	-35.7801991696208	117.311992531775
229	-37.0843510374111	117.110011432650
230	-38.3862153677465	116.900806436382
231	-39.6857118555028	116.684390447721
232	-40.9827603416154	116.460776816225
233	-42.2772808180242	116.229979335436
234	-43.5691934326083	115.992012242029
235	-44.8584184941122	115.746890214936
236	-46.1448764770614	115.494628374438
237	-47.4284880266678	115.235242281233
238	-48.7091739637245	114.968747935479
239	-49.9868552894905	114.695161775800
240	-51.2614531905631	114.414500678280
241	-52.5328890437399	114.126781955419
242	-53.8010844208684	113.832023355061
243	-55.0659610936842	113.530243059306
244	-56.3274410386359	113.221459683384
245	-57.5854464416983	112.905692274507
246	-58.8398997031726	112.582960310698
247	-60.0907234424725	112.253283699584
248	-61.3378405028979	111.916682777172
249	-62.5811739563940	111.573178306591
250	-63.8206471082969	111.222791476815
251	-65.0561835020640	110.865543901355
252	-66.2877069239908	110.501457616924
253	-67.5151414079115	110.130555082078
254	-68.7384112398854	109.752859175834
255	-69.9574409628672	109.368393196254
256	-71.1721553813616	108.977180859010
257	-72.3824795660611	108.579246295923
258	-73.5883388584692	108.174614053470
259	-74.7896588755044	107.763309091274
260	-75.9863655140894	107.345356780563
261	-77.1783849557217	106.920782902605
262	-78.3656436710274	106.489613647114
263	-79.5480684242963	106.051875610644
264	-80.7255862779999	105.607595794936
265	-81.8981245972904	105.156801605264
266	-83.0656110544811	104.699520848736
267	-84.2279736335080	104.235781732583
268	-85.3851406343721	103.765612862419
269	-86.5370406775619	103.289043240474
270	-87.6836027084568	102.806102263806
271	-88.8247560017101	102.316819722492
272	-89.9604301656112	101.821225797781
273	-91.0905551464282	101.319351060242
274	-92.2150612327289	100.811226467874
275	-93.3338790596812	100.296883364193
276	-94.4469396133311	99.7763534763060
277	-95.5541742348610	99.2496689129480
278	-96.6555146248236	98.7168621625038
279	-97.7508928473561	98.1779660910034
280	-98.8402413343700	97.6330139400951
281	-99.9234928897192	97.0820393249943
282	-101.000580693345	96.5250762324108
283	-102.071438305399	95.9621590184515
284	-103.135999670339	95.3933224065019
285	-104.194199121005	94.8186014850835
286	-105.245971382671	94.2380317056901
287	-106.291251577069	93.6516488806003
288	-107.329975226393	93.0594891806689
289	-108.362078257276	92.4615891330954
290	-109.387497004741	91.8579856191713
291	-110.406168216130	91.2487158720044
292	-111.418029055004	90.6338174742228
293	-112.423017105020	90.0133283556559
294	-113.421070373781	89.3872867909954
295	-114.412127296660	88.7557313974339
296	-115.396126740599	88.1187011322831
297	-116.373008007876	87.4762352905702
298	-117.342710839853	86.8283735026147
299	-118.305175420692	86.1751557315835
300	-119.260342381044	85.5166222710255
301	-120.208152801712	84.8528137423865
302	-121.148548217284	84.1837710925035
303	-122.081470619741	83.5095355910786
304	-123.006862462035	82.8301488281333
305	-123.924666661639	82.1456527114435
306	-124.834826604065	81.4560894639539
307	-125.737286146363	80.7615016211737
308	-126.631989620575	80.0619320285529
309	-127.518881837177	79.3574238388391
310	-128.397908088480	78.6480205094162
311	-129.269014152004	77.9337657996230
312	-130.132146293824	77.2147037680544
313	-130.987251271883	76.4908787698437
314	-131.834276339279	75.7623354539263
315	-132.673169247515	75.0291187602856
316	-133.503878249726	74.2912739171811
317	-134.326352103866	73.5488464383582
318	-135.140540075876	72.8018821202410
319	-135.946391942804	72.0504270391071
320	-136.743857995913	71.2945275482457
321	-137.532889043740	70.5342302750978
322	-138.313436415133	69.7695821183807
323	-139.085451962253	69.0006302451945
324	-139.848888063545	68.2274220881128
325	-140.603697626674	67.4500053422568
326	-141.349834091432	66.6684279623534
327	-142.087251432605	65.8827381597769
328	-142.815904162819	65.0929843995754
329	-143.535747335342	64.2992153974807
330	-144.246736546855	63.5014801169040
331	-144.948827940195	62.6998277659150
332	-145.641978207057	61.8943077942068
333	-146.326144590669	61.0849698900457
334	-147.001284888425	60.2718639772059
335	-147.667357454492	59.4550402118901
336	-148.324321202375	58.6345489796358
337	-148.972135607456	57.8104408922070
338	-149.610760709492	56.9827667844726
339	-150.240157115077	56.1515777112700
340	-150.860286000077	55.3169249442567
341	-151.471109112022	54.4788599687469
342	-152.072588772463	53.6374344805358
343	-152.664687879304	52.7927003827111
344	-153.247369909081	51.9447097824510
345	-153.820598919222	51.0935149878100
346	-154.384339550263	50.2391685044927
347	-154.938557028025	49.3817230326144
348	-155.483217165763	48.5212314634507
349	-156.018286366276	47.6577468761750
350	-156.543731623974	46.7913225345839
351	-157.059520526918	45.9220118838121
352	-157.565621258820	45.0498685470353
353	-158.062002601002	44.1749463221627
354	-158.548633934325	43.2972991785184
355	-159.025485241077	42.4169812535122
356	-159.492527106822	41.5340468493005
357	-159.949730722218	40.6485504294364
358	-160.397067884792	39.7605466155099
359	-160.834511000682	38.8700901837794
360	-161.262033086335	37.9772360617918
361	-161.679607770175	37.0820393249951
362	-162.087209294230	36.1845551933409
363	-162.484812515716	35.2848390278779
364	-162.872392908594	34.3829463273373
365	-163.249926565080	33.4789327247090
366	-163.617390197119	32.5728539838104
367	-163.974761137825	31.6647659958462
368	-164.322017342874	30.7547247759611
369	-164.659137391867	29.8427864597841
370	-164.986100489652	28.9290072999661
371	-165.302886467605	28.0134436627102
372	-165.609475784874	27.0961520242940
373	-165.905849529587	26.1771889675866
374	-166.191989420014	25.2566111785582
375	-166.467877805700	24.3344754427830
376	-166.733497668549	23.4108386419369
377	-166.988832623877	22.4857577502885
378	-167.233866921421	21.5592898311847
379	-167.468585446311	20.6314920335307
380	-167.692973720004	19.7024215882651
381	-167.907017901173	18.7721358048293
382	-168.110704786565	17.8406920676324
383	-168.304021811814	16.9081478325115
384	-168.486957052215	15.9745606231879
385	-168.659499223461	15.0399880277181
386	-168.821637682337	14.1044876949421
387	-168.973362427380	13.1681173309271
388	-169.114664099493	12.2309346954076
389	-169.245533982523	11.2929975982234
390	-169.365964003800	10.3543638957525
391	-169.475946734632	9.41509148734306
392	-169.575475390766	8.47523831174167
393	-169.664543832806	7.53486234351928
394	-169.743146566591	6.59402158949517
395	-169.811278743535	5.65277408515881
396	-169.868936160923	4.71117789108993
397	-169.916115262174	3.76929108937709
398	-169.952813137060	2.82717178003492
399	-169.979027521882	1.88487807742019
400	-169.994756799614	0.942468106647075
401	-170	1.71999832741401e-12
402	-169.994756799614	-0.942468106643635
403	-169.979027521882	-1.88487807741675
404	-169.952813137060	-2.82717178003148
405	-169.916115262174	-3.76929108937365
406	-169.868936160923	-4.71117789108649
407	-169.811278743535	-5.65277408515537
408	-169.743146566592	-6.59402158949174
409	-169.664543832806	-7.53486234351585
410	-169.575475390766	-8.47523831173824
411	-169.475946734632	-9.41509148733963
412	-169.365964003800	-10.3543638957490
413	-169.245533982524	-11.2929975982199
414	-169.114664099494	-12.2309346954042
415	-168.973362427381	-13.1681173309236
416	-168.821637682338	-14.1044876949387
417	-168.659499223462	-15.0399880277147
418	-168.486957052216	-15.9745606231845
419	-168.304021811815	-16.9081478325081
420	-168.110704786566	-17.8406920676290
421	-167.907017901174	-18.7721358048259
422	-167.692973720005	-19.7024215882617
423	-167.468585446312	-20.6314920335273
424	-167.233866921422	-21.5592898311813
425	-166.988832623878	-22.4857577502851
426	-166.733497668550	-23.4108386419336
427	-166.467877805701	-24.3344754427797
428	-166.191989420015	-25.2566111785549
429	-165.905849529588	-26.1771889675833
430	-165.609475784875	-27.0961520242906
431	-165.302886467606	-28.0134436627068
432	-164.986100489653	-28.9290072999628
433	-164.659137391868	-29.8427864597807
434	-164.322017342875	-30.7547247759578
435	-163.974761137826	-31.6647659958429
436	-163.617390197121	-32.5728539838071
437	-163.249926565081	-33.4789327247057
438	-162.872392908595	-34.3829463273340
439	-162.484812515717	-35.2848390278746
440	-162.087209294231	-36.1845551933376
441	-161.679607770177	-37.0820393249919
442	-161.262033086337	-37.9772360617885
443	-160.834511000684	-38.8700901837761
444	-160.397067884794	-39.7605466155067
445	-159.949730722219	-40.6485504294331
446	-159.492527106823	-41.5340468492973
447	-159.025485241078	-42.4169812535090
448	-158.548633934327	-43.2972991785152
449	-158.062002601004	-44.1749463221595
450	-157.565621258822	-45.0498685470321
451	-157.059520526920	-45.9220118838089
452	-156.543731623976	-46.7913225345808
453	-156.018286366278	-47.6577468761718
454	-155.483217165765	-48.5212314634476
455	-154.938557028027	-49.3817230326112
456	-154.384339550265	-50.2391685044895
457	-153.820598919225	-51.0935149878069
458	-153.247369909083	-51.9447097824478
459	-152.664687879306	-52.7927003827080
460	-152.072588772466	-53.6374344805327
461	-151.471109112024	-54.4788599687438
462	-150.860286000079	-55.3169249442537
463	-150.240157115079	-56.1515777112670
464	-149.610760709494	-56.9827667844695
465	-148.972135607458	-57.8104408922040
466	-148.324321202377	-58.6345489796328
467	-147.667357454494	-59.4550402118871
468	-147.001284888428	-60.2718639772029
469	-146.326144590672	-61.0849698900428
470	-145.641978207060	-61.8943077942039
471	-144.948827940197	-62.6998277659121
472	-144.246736546857	-63.5014801169011
473	-143.535747335344	-64.2992153974778
474	-142.815904162822	-65.0929843995725
475	-142.087251432608	-65.8827381597741
476	-141.349834091434	-66.6684279623505
477	-140.603697626677	-67.4500053422539
478	-139.848888063548	-68.2274220881099
479	-139.085451962256	-69.0006302451917
480	-138.313436415136	-69.7695821183779
481	-137.532889043743	-70.5342302750950
482	-136.743857995916	-71.2945275482429
483	-135.946391942807	-72.0504270391044
484	-135.140540075879	-72.8018821202382
485	-134.326352103869	-73.5488464383555
486	-133.503878249729	-74.2912739171784
487	-132.673169247518	-75.0291187602829
488	-131.834276339282	-75.7623354539236
489	-130.987251271886	-76.4908787698411
490	-130.132146293827	-77.2147037680518
491	-129.269014152007	-77.9337657996204
492	-128.397908088483	-78.6480205094136
493	-127.518881837180	-79.3574238388366
494	-126.631989620578	-80.0619320285503
495	-125.737286146366	-80.7615016211712
496	-124.834826604069	-81.4560894639514
497	-123.924666661642	-82.1456527114410
498	-123.006862462039	-82.8301488281308
499	-122.081470619744	-83.5095355910761
500	-121.148548217287	-84.1837710925011
501	-120.208152801715	-84.8528137423841
502	-119.260342381048	-85.5166222710231
503	-118.305175420696	-86.1751557315811
504	-117.342710839857	-86.8283735026124
505	-116.373008007879	-87.4762352905678
506	-115.396126740602	-88.1187011322807
507	-114.412127296664	-88.7557313974316
508	-113.421070373784	-89.3872867909931
509	-112.423017105023	-90.0133283556536
510	-111.418029055007	-90.6338174742205
511	-110.406168216134	-91.2487158720022
512	-109.387497004745	-91.8579856191691
513	-108.362078257280	-92.4615891330933
514	-107.329975226397	-93.0594891806668
515	-106.291251577072	-93.6516488805982
516	-105.245971382674	-94.2380317056881
517	-104.194199121008	-94.8186014850816
518	-103.135999670342	-95.3933224065000
519	-102.071438305402	-95.9621590184497
520	-101.000580693349	-96.5250762324090
521	-99.9234928897225	-97.0820393249926
522	-98.8402413343733	-97.6330139400934
523	-97.7508928473594	-98.1779660910018
524	-96.6555146248269	-98.7168621625022
525	-95.5541742348641	-99.2496689129465
526	-94.4469396133343	-99.7763534763046
527	-93.3338790596842	-100.296883364192
528	-92.2150612327320	-100.811226467872
529	-91.0905551464311	-101.319351060241
530	-89.9604301656141	-101.821225797780
531	-88.8247560017129	-102.316819722490
532	-87.6836027084597	-102.806102263805
533	-86.5370406775647	-103.289043240473
534	-85.3851406343748	-103.765612862418
535	-84.2279736335107	-104.235781732582
536	-83.0656110544837	-104.699520848735
537	-81.8981245972929	-105.156801605263
538	-80.7255862780023	-105.607595794935
539	-79.5480684242987	-106.051875610643
540	-78.3656436710298	-106.489613647114
541	-77.1783849557241	-106.920782902604
542	-75.9863655140916	-107.345356780563
543	-74.7896588755066	-107.763309091274
544	-73.5883388584713	-108.174614053469
545	-72.3824795660632	-108.579246295922
546	-71.1721553813636	-108.977180859010
547	-69.9574409628692	-109.368393196253
548	-68.7384112398873	-109.752859175833
549	-67.5151414079133	-110.130555082078
550	-66.2877069239926	-110.501457616923
551	-65.0561835020658	-110.865543901354
552	-63.8206471082986	-111.222791476814
553	-62.5811739563956	-111.573178306590
554	-61.3378405028994	-111.916682777171
555	-60.0907234424740	-112.253283699584
556	-58.8398997031740	-112.582960310698
557	-57.5854464416997	-112.905692274507
558	-56.3274410386372	-113.221459683383
559	-55.0659610936854	-113.530243059305
560	-53.8010844208696	-113.832023355061
561	-52.5328890437409	-114.126781955418
562	-51.2614531905641	-114.414500678280
563	-49.9868552894914	-114.695161775800
564	-48.7091739637254	-114.968747935478
565	-47.4284880266686	-115.235242281233
566	-46.1448764770622	-115.494628374438
567	-44.8584184941129	-115.746890214936
568	-43.5691934326089	-115.992012242029
569	-42.2772808180247	-116.229979335436
570	-40.9827603416159	-116.460776816225
571	-39.6857118555031	-116.684390447721
572	-38.3862153677468	-116.900806436382
573	-37.0843510374113	-117.110011432650
574	-35.7801991696210	-117.311992531775
575	-34.4738402106061	-117.506737274612
576	-33.1653547427407	-117.694233648388
577	-31.8548234795720	-117.874470087443
578	-30.5423272608415	-118.047435473944
579	-29.2279470474983	-118.213119138573
580	-27.9117639167053	-118.371510861180
581	-26.5938590568378	-118.522600871417
582	-25.2743137624754	-118.666379849341
583	-23.9532094293875	-118.802838925987
584	-22.6306275495122	-118.931969683917
585	-21.3066497059300	-119.053764157737
586	-19.9813575678306	-119.168214834591
587	-18.6548328854758	-119.275314654622
588	-17.3271574851566	-119.375057011407
589	-15.9984132641454	-119.467435752370
590	-14.6686821856449	-119.552445179153
591	-13.3380462737315	-119.630080047975
592	-12.0065876082961	-119.700335569953
593	-10.6743883199810	-119.763207411393
594	-9.34153058511342	-119.818691694065
595	-8.00809662063682	-119.866784995436
596	-6.67416867903917	-119.907484348887
597	-5.33982904327925	-119.940787243888
598	-4.00516002171109	-119.966691626160
599	-2.67024394300681	-119.985195897799
600	-1.33516315107816	-119.996298917375
601	2.83758780225315e-12	-120
602	1.33516315108383	-119.996298917375
603	2.67024394301249	-119.985195897799
604	4.00516002171677	-119.966691626160
605	5.33982904328492	-119.940787243888
606	6.67416867904484	-119.907484348887
607	8.00809662064249	-119.866784995436
608	9.34153058511908	-119.818691694064
609	10.6743883199866	-119.763207411392
610	12.0065876083018	-119.700335569952
611	13.3380462737371	-119.630080047975
612	14.6686821856505	-119.552445179153
613	15.9984132641511	-119.467435752369
614	17.3271574851622	-119.375057011407
615	18.6548328854815	-119.275314654621
616	19.9813575678362	-119.168214834591
617	21.3066497059356	-119.053764157737
618	22.6306275495179	-118.931969683917
619	23.9532094293931	-118.802838925987
620	25.2743137624810	-118.666379849340
621	26.5938590568434	-118.522600871416
622	27.9117639167109	-118.371510861179
623	29.2279470475039	-118.213119138572
624	30.5423272608471	-118.047435473944
625	31.8548234795776	-117.874470087442
626	33.1653547427463	-117.694233648387
627	34.4738402106116	-117.506737274611
628	35.7801991696265	-117.311992531774
629	37.0843510374169	-117.110011432649
630	38.3862153677523	-116.900806436381
631	39.6857118555087	-116.684390447720
632	40.9827603416214	-116.460776816224
633	42.2772808180302	-116.229979335435
634	43.5691934326143	-115.992012242028
635	44.8584184941184	-115.746890214935
636	46.1448764770677	-115.494628374437
637	47.4284880266740	-115.235242281232
638	48.7091739637308	-114.968747935477
639	49.9868552894969	-114.695161775799
640	51.2614531905695	-114.414500678279
641	52.5328890437463	-114.126781955417
642	53.8010844208750	-113.832023355059
643	55.0659610936908	-113.530243059304
644	56.3274410386425	-113.221459683382
645	57.5854464417050	-112.905692274506
646	58.8398997031793	-112.582960310697
647	60.0907234424793	-112.253283699583
648	61.3378405029047	-111.916682777170
649	62.5811739564009	-111.573178306589
650	63.8206471083038	-111.222791476813
651	65.0561835020710	-110.865543901353
652	66.2877069239978	-110.501457616921
653	67.5151414079186	-110.130555082076
654	68.7384112398925	-109.752859175832
655	69.9574409628744	-109.368393196252
656	71.1721553813688	-108.977180859008
657	72.3824795660684	-108.579246295920
658	73.5883388584764	-108.174614053467
659	74.7896588755117	-107.763309091272
660	75.9863655140967	-107.345356780561
661	77.1783849557291	-106.920782902602
662	78.3656436710348	-106.489613647112
663	79.5480684243037	-106.051875610641
664	80.7255862780073	-105.607595794933
665	81.8981245972979	-105.156801605261
666	83.0656110544887	-104.699520848733
667	84.2279736335156	-104.235781732580
668	85.3851406343797	-103.765612862416
669	86.5370406775695	-103.289043240471
670	87.6836027084645	-102.806102263803
671	88.8247560017178	-102.316819722488
672	89.9604301656189	-101.821225797778
673	91.0905551464360	-101.319351060239
674	92.2150612327367	-100.811226467870
675	93.3338790596890	-100.296883364189
676	94.4469396133390	-99.7763534763023
677	95.5541742348688	-99.2496689129442
678	96.6555146248315	-98.7168621624999
679	97.7508928473640	-98.1779660909995
680	98.8402413343779	-97.6330139400911
681	99.9234928897271	-97.0820393249903
682	101.000580693353	-96.5250762324066
683	102.071438305407	-95.9621590184473
684	103.135999670347	-95.3933224064976
685	104.194199121013	-94.8186014850791
686	105.245971382679	-94.2380317056856
687	106.291251577077	-93.6516488805957
688	107.329975226401	-93.0594891806642
689	108.362078257284	-92.4615891330907
690	109.387497004749	-91.8579856191665
691	110.406168216138	-91.2487158719996
692	111.418029055012	-90.6338174742179
693	112.423017105028	-90.0133283556509
694	113.421070373789	-89.3872867909903
695	114.412127296668	-88.7557313974288
696	115.396126740607	-88.1187011322778
697	116.373008007884	-87.4762352905649
698	117.342710839861	-86.8283735026093
699	118.305175420700	-86.1751557315780
700	119.260342381052	-85.5166222710199
701	120.208152801720	-84.8528137423809
702	121.148548217292	-84.1837710924978
703	122.081470619749	-83.5095355910728
704	123.006862462043	-82.8301488281274
705	123.924666661647	-82.1456527114376
706	124.834826604073	-81.4560894639479
707	125.737286146370	-80.7615016211676
708	126.631989620583	-80.0619320285466
709	127.518881837185	-79.3574238388328
710	128.397908088488	-78.6480205094098
711	129.269014152012	-77.9337657996165
712	130.132146293832	-77.2147037680479
713	130.987251271891	-76.4908787698371
714	131.834276339287	-75.7623354539196
715	132.673169247523	-75.0291187602788
716	133.503878249733	-74.2912739171742
717	134.326352103874	-73.5488464383512
718	135.140540075883	-72.8018821202339
719	135.946391942812	-72.0504270391000
720	136.743857995921	-71.2945275482384
721	137.532889043748	-70.5342302750905
722	138.313436415140	-69.7695821183733
723	139.085451962260	-69.0006302451870
724	139.848888063553	-68.2274220881052
725	140.603697626682	-67.4500053422491
726	141.349834091439	-66.6684279623456
727	142.087251432612	-65.8827381597691
728	142.815904162826	-65.0929843995675
729	143.535747335349	-64.2992153974727
730	144.246736546862	-63.5014801168959
731	144.948827940202	-62.6998277659068
732	145.641978207065	-61.8943077941986
733	146.326144590676	-61.0849698900374
734	147.001284888432	-60.2718639771975
735	147.667357454498	-59.4550402118816
736	148.324321202381	-58.6345489796272
737	148.972135607463	-57.8104408921984
738	149.610760709498	-56.9827667844638
739	150.240157115084	-56.1515777112612
740	150.860286000084	-55.3169249442478
741	151.471109112028	-54.4788599687379
742	152.072588772470	-53.6374344805267
743	152.664687879310	-52.7927003827019
744	153.247369909087	-51.9447097824417
745	153.820598919229	-51.0935149878007
746	154.384339550269	-50.2391685044832
747	154.938557028031	-49.3817230326049
748	155.483217165769	-48.5212314634411
749	156.018286366282	-47.6577468761653
750	156.543731623980	-46.7913225345742
751	157.059520526924	-45.9220118838023
752	157.565621258825	-45.0498685470254
753	158.062002601008	-44.1749463221527
754	158.548633934331	-43.2972991785083
755	159.025485241082	-42.4169812535021
756	159.492527106827	-41.5340468492903
757	159.949730722223	-40.6485504294260
758	160.397067884797	-39.7605466154995
759	160.834511000687	-38.8700901837689
760	161.262033086340	-37.9772360617812
761	161.679607770180	-37.0820393249845
762	162.087209294234	-36.1845551933302
763	162.484812515720	-35.2848390278671
764	162.872392908598	-34.3829463273264
765	163.249926565084	-33.4789327246980
766	163.617390197124	-32.5728539837994
767	163.974761137829	-31.6647659958351
768	164.322017342878	-30.7547247759499
769	164.659137391871	-29.8427864597728
770	164.986100489656	-28.9290072999548
771	165.302886467608	-28.0134436626988
772	165.609475784878	-27.0961520242825
773	165.905849529590	-26.1771889675751
774	166.191989420017	-25.2566111785466
775	166.467877805703	-24.3344754427714
776	166.733497668552	-23.4108386419252
777	166.988832623880	-22.4857577502767
778	167.233866921424	-21.5592898311728
779	167.468585446314	-20.6314920335188
780	167.692973720007	-19.7024215882531
781	167.907017901176	-18.7721358048172
782	168.110704786568	-17.8406920676202
783	168.304021811817	-16.9081478324993
784	168.486957052218	-15.9745606231756
785	168.659499223463	-15.0399880277058
786	168.821637682339	-14.1044876949297
787	168.973362427382	-13.1681173309146
788	169.114664099495	-12.2309346953951
789	169.245533982525	-11.2929975982108
790	169.365964003801	-10.3543638957398
791	169.475946734633	-9.41509148733032
792	169.575475390767	-8.47523831172887
793	169.664543832807	-7.53486234350642
794	169.743146566592	-6.59402158948226
795	169.811278743536	-5.65277408514583
796	169.868936160924	-4.71117789107689
797	169.916115262175	-3.76929108936401
798	169.952813137060	-2.82717178002178
799	169.979027521883	-1.88487807740699
800	169.994756799614	-0.94246810663382
