1040		
1	-44	-496
2	-44	-494
3	-44	-490
4	-44	-486
5	-44	-484
6	-44	-482
7	-44	-480
8	-44	-478
9	-44	-476
10	-44	-474
11	-44	-472
12	-44	-470
13	-44	-468
14	-44	-466
15	-44	-464
16	-44	-462
17	-44	-460
18	-44	-458
19	-44	-456
20	-44	-454
21	-44	-452
22	-44	-450
23	-44	-448
24	-44	-446
25	-44	-444
26	-44	-442
27	-44	-440
28	-44	-438
29	-44	-436
30	-44	-434
31	-44	-432
32	-44	-430
33	-46	-428
34	-46	-426
35	-48	-426
36	-48	-422
37	-48	-420
38	-50	-418
39	-50	-416
40	-54	-416
41	-54	-412
42	-54	-410
43	-54	-408
44	-54	-406
45	-56	-406
46	-56	-404
47	-56	-402
48	-56	-400
49	-56	-398
50	-56	-396
51	-56	-394
52	-56	-392
53	-56	-390
54	-56	-388
55	-56	-386
56	-58	-384
57	-58	-382
58	-58	-380
59	-60	-378
60	-60	-376
61	-60	-374
62	-62	-374
63	-62	-370
64	-62	-368
65	-62	-366
66	-62	-364
67	-64	-364
68	-64	-362
69	-64	-360
70	-64	-358
71	-66	-356
72	-66	-354
73	-66	-352
74	-68	-352
75	-68	-350
76	-68	-348
77	-70	-346
78	-70	-344
79	-72	-342
80	-72	-340
81	-72	-338
82	-74	-338
83	-74	-334
84	-74	-330
85	-76	-326
86	-76	-322
87	-78	-320
88	-78	-318
89	-80	-318
90	-80	-314
91	-80	-310
92	-82	-310
93	-82	-308
94	-84	-308
95	-84	-304
96	-86	-304
97	-88	-302
98	-88	-300
99	-90	-298
100	-90	-296
101	-92	-294
102	-94	-294
103	-94	-290
104	-94	-288
105	-96	-286
106	-98	-284
107	-98	-282
108	-98	-280
109	-98	-278
110	-100	-276
111	-102	-276
112	-102	-274
113	-104	-272
114	-106	-270
115	-106	-266
116	-108	-264
117	-110	-262
118	-110	-258
119	-114	-256
120	-114	-252
121	-114	-250
122	-116	-248
123	-116	-246
124	-118	-244
125	-118	-242
126	-120	-242
127	-122	-242
128	-122	-240
129	-124	-238
130	-124	-236
131	-126	-236
132	-126	-234
133	-128	-232
134	-130	-230
135	-132	-230
136	-132	-228
137	-136	-226
138	-138	-226
139	-138	-224
140	-140	-224
141	-140	-220
142	-142	-218
143	-144	-218
144	-146	-216
145	-148	-216
146	-150	-214
147	-150	-212
148	-152	-212
149	-154	-210
150	-156	-210
151	-158	-208
152	-160	-206
153	-162	-204
154	-164	-202
155	-164	-200
156	-166	-200
157	-168	-198
158	-170	-196
159	-170	-194
160	-172	-194
161	-172	-192
162	-174	-190
163	-176	-190
164	-178	-190
165	-178	-188
166	-180	-188
167	-182	-188
168	-182	-186
169	-184	-186
170	-186	-184
171	-188	-184
172	-188	-182
173	-188	-180
174	-190	-180
175	-192	-178
176	-194	-176
177	-196	-174
178	-200	-174
179	-202	-174
180	-204	-172
181	-204	-170
182	-208	-168
183	-208	-166
184	-210	-166
185	-212	-164
186	-214	-162
187	-216	-162
188	-218	-160
189	-218	-158
190	-220	-158
191	-220	-156
192	-222	-156
193	-224	-154
194	-228	-154
195	-230	-152
196	-232	-152
197	-234	-150
198	-236	-148
199	-238	-148
200	-240	-148
201	-242	-146
202	-242	-144
203	-246	-144
204	-248	-144
205	-250	-142
206	-252	-142
207	-256	-142
208	-258	-140
209	-262	-140
210	-264	-138
211	-268	-138
212	-270	-136
213	-274	-136
214	-278	-134
215	-280	-134
216	-282	-132
217	-284	-132
218	-286	-130
219	-288	-130
220	-290	-130
221	-292	-130
222	-292	-128
223	-294	-128
224	-296	-128
225	-298	-128
226	-298	-126
227	-302	-126
228	-306	-124
229	-308	-124
230	-312	-124
231	-316	-122
232	-320	-122
233	-324	-122
234	-326	-122
235	-328	-122
236	-332	-122
237	-334	-122
238	-336	-122
239	-336	-120
240	-338	-120
241	-340	-120
242	-342	-120
243	-344	-120
244	-346	-120
245	-348	-120
246	-350	-120
247	-352	-120
248	-354	-120
249	-358	-120
250	-362	-120
251	-366	-120
252	-370	-118
253	-374	-118
254	-376	-118
255	-378	-118
256	-380	-118
257	-382	-118
258	-386	-118
259	-388	-118
260	-390	-118
261	-394	-118
262	-398	-118
263	-402	-118
264	-404	-118
265	-406	-118
266	-410	-118
267	-414	-118
268	-418	-120
269	-420	-122
270	-422	-122
271	-424	-122
272	-428	-122
273	-430	-124
274	-432	-126
275	-434	-128
276	-436	-128
277	-438	-128
278	-440	-128
279	-442	-128
280	-444	-128
281	-444	-130
282	-448	-130
283	-450	-130
284	-452	-130
285	-454	-130
286	-456	-132
287	-458	-132
288	-460	-132
289	-462	-134
290	-464	-134
291	-466	-136
292	-470	-136
293	-472	-140
294	-474	-140
295	-478	-140
296	-480	-140
297	-482	-140
298	-484	-142
299	-486	-142
300	-488	-142
301	-492	-142
302	-496	-144
303	-500	-144
304	-502	-144
305	-504	-146
306	-506	-146
307	-508	-146
308	-510	-148
309	-514	-150
310	-516	-150
311	-520	-150
312	-524	-150
313	-526	-152
314	-530	-152
315	-534	-154
316	-536	-154
317	-540	-156
318	-542	-156
319	-546	-156
320	-550	-158
321	-552	-158
322	-554	-158
323	-556	-160
324	-560	-160
325	-562	-160
326	-564	-162
327	-566	-164
328	-568	-164
329	-570	-166
330	-572	-166
331	-572	-168
332	-572	-170
333	-574	-170
334	-578	-170
335	-582	-170
336	-584	-170
337	-590	-174
338	-598	-176
339	-602	-176
340	-606	-178
341	-610	-180
342	-612	-182
343	-616	-184
344	-618	-184
345	-620	-186
346	-622	-186
347	-624	-188
348	-626	-190
349	-628	-192
350	-630	-192
351	-632	-194
352	-636	-196
353	-640	-200
354	-646	-202
355	-650	-204
356	-652	-206
357	-654	-206
358	-656	-206
359	-658	-208
360	-660	-208
361	-662	-210
362	-666	-210
363	-668	-212
364	-670	-212
365	-672	-214
366	-674	-214
367	-676	-214
368	-678	-216
369	-680	-216
370	-682	-216
371	-684	-216
372	-686	-216
373	-688	-218
374	-690	-218
375	-692	-218
376	-694	-220
377	-696	-222
378	-698	-222
379	-700	-224
380	-702	-224
381	-704	-226
382	-706	-226
383	-708	-228
384	-708	-230
385	-710	-230
386	-712	-232
387	-714	-232
388	-716	-234
389	-718	-234
390	-720	-236
391	-722	-236
392	-724	-238
393	-726	-240
394	-728	-242
395	-732	-246
396	-734	-248
397	-738	-250
398	-740	-254
399	-742	-256
400	-742	-260
401	-746	-262
402	-748	-262
403	-750	-264
404	-750	-266
405	-752	-268
406	-754	-268
407	-756	-270
408	-758	-270
409	-758	-272
410	-758	-274
411	-760	-274
412	-764	-276
413	-766	-276
414	-768	-276
415	-770	-278
416	-770	-280
417	-772	-280
418	-772	-282
419	-776	-282
420	-778	-284
421	-780	-286
422	-782	-288
423	-784	-290
424	-786	-290
425	-786	-292
426	-790	-294
427	-792	-296
428	-794	-300
429	-798	-300
430	-800	-302
431	-800	-306
432	-802	-306
433	-804	-308
434	-806	-312
435	-808	-314
436	-810	-314
437	-810	-316
438	-812	-318
439	-814	-320
440	-816	-322
441	-818	-324
442	-820	-326
443	-822	-326
444	-824	-328
445	-826	-332
446	-830	-334
447	-832	-336
448	-834	-338
449	-836	-340
450	-838	-342
451	-840	-344
452	-840	-346
453	-842	-348
454	-846	-350
455	-848	-352
456	-850	-356
457	-852	-356
458	-854	-360
459	-856	-362
460	-858	-364
461	-860	-366
462	-862	-368
463	-864	-370
464	-866	-372
465	-868	-374
466	-868	-378
467	-870	-378
468	-872	-380
469	-874	-382
470	-878	-384
471	-880	-388
472	-882	-390
473	-884	-390
474	-888	-392
475	-890	-396
476	-894	-398
477	-896	-400
478	-900	-402
479	-902	-404
480	-904	-406
481	-906	-408
482	-908	-410
483	-910	-412
484	-912	-414
485	-912	-416
486	-914	-418
487	-916	-420
488	-918	-422
489	-918	-424
490	-920	-426
491	-922	-426
492	-924	-426
493	-926	-430
494	-930	-430
495	-932	-434
496	-934	-436
497	-936	-436
498	-936	-438
499	-938	-438
500	-938	-440
501	-942	-440
502	-944	-442
503	-946	-444
504	-948	-446
505	-950	-448
506	-952	-450
507	-954	-450
508	-954	-452
509	-956	-454
510	-960	-456
511	-962	-460
512	-966	-462
513	-966	-464
514	-968	-466
515	-970	-468
516	-970	-470
517	-972	-470
518	-974	-472
519	-976	-472
520	-978	-474
521	-980	-476
522	-982	-478
523	-984	-478
524	-986	-482
525	-986	-484
526	-988	-486
527	-990	-486
528	-992	-488
529	-994	-490
530	-994	-492
531	-996	-492
532	-996	-494
533	-998	-494
534	-998	-496
535	-1000	-496
536	-1000	-498
537	-1002	-500
538	-1004	-500
539	-1006	-502
540	-1006	-504
541	-1008	-504
542	-1008	-506
543	-1010	-508
544	-1012	-510
545	-1014	-510
546	-1014	-512
547	-1016	-512
548	-1016	-514
549	-1018	-514
550	-1018	-516
551	-1020	-516
552	-1020	-518
553	-1022	-518
554	-1022	-520
555	-1024	-522
556	-1024	-524
557	-1024	-526
558	-1024	-528
559	-1024	-530
560	-1024	-532
561	-1024	-534
562	-1024	-536
563	-1024	-538
564	-1024	-540
565	-1024	-542
566	-1024	-544
567	-1024	-546
568	-1024	-548
569	-1024	-550
570	-1024	-552
571	-1024	-554
572	-1024	-556
573	-1022	-556
574	-1022	-558
575	-1020	-558
576	-1018	-558
577	-1016	-558
578	-1016	-560
579	-1014	-560
580	-1012	-562
581	-1012	-564
582	-1008	-566
583	-1006	-568
584	-1004	-568
585	-1002	-570
586	-1000	-572
587	-998	-574
588	-996	-576
589	-992	-578
590	-990	-578
591	-990	-580
592	-988	-580
593	-986	-582
594	-984	-582
595	-980	-584
596	-978	-586
597	-974	-588
598	-972	-590
599	-972	-592
600	-968	-594
601	-966	-596
602	-964	-598
603	-962	-600
604	-960	-600
605	-956	-602
606	-954	-604
607	-950	-604
608	-948	-604
609	-944	-606
610	-942	-608
611	-940	-610
612	-938	-612
613	-936	-612
614	-934	-614
615	-930	-616
616	-928	-618
617	-928	-620
618	-926	-620
619	-924	-622
620	-922	-622
621	-920	-624
622	-918	-626
623	-916	-626
624	-914	-628
625	-912	-630
626	-908	-630
627	-904	-632
628	-900	-634
629	-896	-634
630	-892	-636
631	-890	-638
632	-888	-638
633	-886	-638
634	-884	-640
635	-882	-642
636	-878	-644
637	-876	-644
638	-872	-650
639	-868	-652
640	-864	-654
641	-862	-656
642	-858	-658
643	-856	-660
644	-852	-662
645	-848	-666
646	-846	-666
647	-844	-668
648	-840	-670
649	-836	-672
650	-834	-674
651	-830	-674
652	-828	-676
653	-826	-676
654	-824	-678
655	-822	-680
656	-818	-684
657	-816	-684
658	-814	-686
659	-812	-688
660	-808	-690
661	-806	-692
662	-804	-694
663	-800	-696
664	-798	-698
665	-794	-702
666	-790	-704
667	-788	-706
668	-786	-708
669	-782	-710
670	-778	-710
671	-774	-712
672	-772	-716
673	-768	-718
674	-764	-720
675	-762	-720
676	-758	-722
677	-758	-724
678	-754	-724
679	-752	-726
680	-750	-728
681	-748	-728
682	-746	-730
683	-746	-732
684	-742	-732
685	-740	-734
686	-738	-736
687	-734	-738
688	-730	-740
689	-726	-740
690	-724	-742
691	-720	-742
692	-716	-746
693	-714	-746
694	-712	-746
695	-712	-748
696	-710	-748
697	-708	-750
698	-702	-754
699	-698	-756
700	-698	-758
701	-694	-760
702	-690	-762
703	-686	-764
704	-684	-766
705	-680	-768
706	-678	-770
707	-672	-772
708	-670	-772
709	-668	-774
710	-664	-776
711	-662	-776
712	-658	-778
713	-654	-780
714	-650	-782
715	-646	-784
716	-644	-786
717	-640	-788
718	-636	-790
719	-634	-792
720	-632	-792
721	-628	-794
722	-622	-796
723	-618	-798
724	-612	-800
725	-610	-800
726	-604	-804
727	-602	-806
728	-600	-808
729	-596	-810
730	-592	-812
731	-590	-812
732	-588	-812
733	-586	-812
734	-584	-814
735	-580	-814
736	-576	-816
737	-572	-816
738	-568	-820
739	-564	-820
740	-562	-822
741	-560	-822
742	-556	-822
743	-552	-824
744	-548	-824
745	-548	-826
746	-546	-826
747	-542	-826
748	-540	-828
749	-536	-828
750	-534	-830
751	-530	-830
752	-526	-830
753	-524	-830
754	-522	-832
755	-518	-832
756	-516	-832
757	-512	-834
758	-508	-834
759	-502	-834
760	-500	-836
761	-496	-836
762	-490	-836
763	-486	-838
764	-484	-838
765	-482	-838
766	-480	-838
767	-478	-838
768	-476	-838
769	-472	-838
770	-470	-838
771	-468	-838
772	-466	-838
773	-464	-838
774	-462	-838
775	-458	-838
776	-456	-838
777	-454	-838
778	-446	-838
779	-438	-838
780	-430	-840
781	-426	-840
782	-422	-840
783	-418	-840
784	-414	-840
785	-410	-840
786	-404	-840
787	-400	-840
788	-398	-840
789	-396	-840
790	-392	-842
791	-390	-842
792	-388	-842
793	-384	-842
794	-380	-842
795	-378	-842
796	-376	-842
797	-374	-842
798	-372	-842
799	-368	-842
800	-366	-842
801	-362	-842
802	-360	-842
803	-356	-842
804	-352	-842
805	-350	-842
806	-346	-842
807	-340	-842
808	-338	-842
809	-336	-842
810	-334	-842
811	-332	-842
812	-328	-840
813	-326	-838
814	-326	-836
815	-324	-836
816	-322	-834
817	-320	-834
818	-320	-832
819	-318	-832
820	-316	-832
821	-314	-832
822	-312	-830
823	-310	-830
824	-308	-830
825	-306	-828
826	-306	-826
827	-302	-826
828	-298	-824
829	-296	-824
830	-294	-822
831	-292	-822
832	-290	-820
833	-286	-820
834	-284	-818
835	-282	-818
836	-280	-816
837	-278	-816
838	-278	-814
839	-274	-814
840	-272	-814
841	-270	-812
842	-268	-812
843	-266	-812
844	-264	-810
845	-262	-810
846	-262	-808
847	-260	-808
848	-256	-806
849	-254	-806
850	-252	-804
851	-250	-802
852	-248	-802
853	-246	-802
854	-244	-802
855	-242	-802
856	-240	-800
857	-236	-800
858	-234	-798
859	-232	-798
860	-232	-796
861	-228	-796
862	-226	-792
863	-224	-792
864	-224	-790
865	-220	-790
866	-220	-788
867	-218	-788
868	-216	-786
869	-212	-786
870	-212	-784
871	-210	-784
872	-208	-782
873	-206	-782
874	-204	-780
875	-202	-780
876	-200	-780
877	-198	-780
878	-198	-778
879	-196	-778
880	-194	-776
881	-194	-774
882	-192	-774
883	-190	-774
884	-188	-772
885	-186	-772
886	-184	-770
887	-182	-770
888	-180	-768
889	-176	-768
890	-174	-766
891	-172	-764
892	-170	-762
893	-168	-762
894	-166	-760
895	-164	-758
896	-160	-756
897	-156	-754
898	-154	-752
899	-154	-750
900	-150	-750
901	-148	-750
902	-146	-748
903	-146	-746
904	-144	-746
905	-142	-744
906	-140	-744
907	-138	-742
908	-136	-742
909	-134	-740
910	-132	-738
911	-130	-736
912	-130	-734
913	-130	-732
914	-128	-730
915	-126	-728
916	-124	-724
917	-122	-724
918	-122	-722
919	-120	-720
920	-120	-718
921	-118	-718
922	-118	-716
923	-116	-716
924	-114	-712
925	-114	-710
926	-112	-710
927	-112	-708
928	-110	-704
929	-108	-702
930	-106	-700
931	-106	-698
932	-104	-696
933	-104	-694
934	-102	-692
935	-100	-692
936	-100	-690
937	-100	-688
938	-100	-686
939	-98	-686
940	-96	-684
941	-94	-684
942	-94	-682
943	-94	-680
944	-90	-680
945	-88	-676
946	-88	-674
947	-86	-674
948	-86	-672
949	-84	-668
950	-82	-666
951	-80	-666
952	-80	-662
953	-78	-660
954	-78	-658
955	-76	-656
956	-76	-652
957	-74	-650
958	-74	-648
959	-74	-646
960	-72	-646
961	-72	-642
962	-70	-642
963	-70	-640
964	-70	-638
965	-68	-638
966	-68	-636
967	-68	-634
968	-68	-632
969	-66	-632
970	-66	-628
971	-64	-628
972	-64	-626
973	-64	-624
974	-64	-622
975	-64	-620
976	-64	-618
977	-64	-614
978	-64	-612
979	-62	-608
980	-62	-606
981	-60	-604
982	-60	-602
983	-58	-600
984	-58	-598
985	-56	-598
986	-56	-596
987	-56	-594
988	-54	-592
989	-54	-588
990	-52	-588
991	-52	-584
992	-50	-582
993	-50	-580
994	-48	-578
995	-48	-576
996	-46	-574
997	-46	-572
998	-46	-570
999	-44	-570
1000	-44	-568
1001	-44	-566
1002	-44	-564
1003	-44	-562
1004	-44	-560
1005	-42	-556
1006	-42	-554
1007	-42	-552
1008	-42	-550
1009	-42	-548
1010	-40	-546
1011	-40	-544
1012	-40	-542
1013	-40	-540
1014	-40	-536
1015	-40	-534
1016	-40	-532
1017	-40	-530
1018	-40	-528
1019	-40	-526
1020	-40	-524
1021	-40	-522
1022	-40	-520
1023	-40	-518
1024	-40	-516
1025	-40	-514
1026	-40	-512
1027	-40	-510
1028	-40	-508
1029	-42	-508
1030	-42	-506
1031	-42	-504
1032	-42	-502
1033	-44	-502
1034	-44	-500
1035	-44	-498
1036	-44	-496
1037	-44	-494
1038	-46	-494
1039	-46	-492
1040	-46	-490

