1218
1	1416	-544
2	1416	-542
3	1416	-540
4	1416	-536
5	1416	-534
6	1416	-532
7	1416	-530
8	1416	-528
9	1416	-526
10	1416	-524
11	1416	-520
12	1416	-518
13	1416	-516
14	1414	-516
15	1414	-514
16	1414	-512
17	1414	-510
18	1412	-510
19	1412	-508
20	1412	-506
21	1410	-504
22	1410	-502
23	1410	-500
24	1408	-500
25	1408	-498
26	1408	-496
27	1406	-494
28	1406	-492
29	1406	-490
30	1404	-490
31	1404	-488
32	1402	-486
33	1402	-484
34	1400	-484
35	1400	-482
36	1400	-480
37	1398	-480
38	1398	-478
39	1398	-476
40	1396	-476
41	1396	-474
42	1394	-474
43	1394	-472
44	1394	-470
45	1392	-468
46	1392	-466
47	1392	-464
48	1392	-462
49	1392	-460
50	1390	-460
51	1390	-458
52	1390	-456
53	1388	-454
54	1386	-452
55	1386	-450
56	1386	-448
57	1386	-446
58	1386	-444
59	1384	-442
60	1382	-440
61	1382	-438
62	1380	-436
63	1376	-434
64	1376	-432
65	1374	-430
66	1374	-428
67	1372	-426
68	1370	-426
69	1370	-424
70	1370	-420
71	1370	-418
72	1368	-418
73	1366	-418
74	1366	-416
75	1364	-416
76	1364	-414
77	1362	-412
78	1360	-410
79	1360	-408
80	1358	-408
81	1358	-406
82	1356	-406
83	1356	-404
84	1354	-404
85	1354	-402
86	1352	-402
87	1350	-400
88	1348	-400
89	1348	-398
90	1346	-398
91	1346	-396
92	1344	-394
93	1342	-394
94	1340	-392
95	1338	-392
96	1338	-390
97	1336	-388
98	1334	-388
99	1334	-386
100	1332	-386
101	1330	-384
102	1328	-384
103	1326	-382
104	1326	-380
105	1322	-380
106	1320	-378
107	1318	-376
108	1316	-376
109	1316	-374
110	1314	-374
111	1312	-372
112	1312	-370
113	1310	-370
114	1310	-368
115	1308	-366
116	1306	-366
117	1306	-364
118	1304	-364
119	1302	-362
120	1300	-362
121	1300	-360
122	1298	-360
123	1298	-358
124	1296	-358
125	1294	-356
126	1292	-356
127	1292	-354
128	1292	-352
129	1288	-352
130	1286	-350
131	1286	-348
132	1284	-348
133	1284	-346
134	1282	-346
135	1280	-344
136	1278	-344
137	1278	-342
138	1276	-340
139	1274	-340
140	1272	-338
141	1270	-336
142	1268	-336
143	1268	-334
144	1266	-334
145	1264	-334
146	1264	-332
147	1262	-332
148	1262	-330
149	1260	-328
150	1258	-326
151	1254	-324
152	1252	-320
153	1250	-318
154	1248	-316
155	1244	-314
156	1242	-314
157	1238	-312
158	1238	-310
159	1236	-310
160	1234	-308
161	1232	-306
162	1230	-306
163	1230	-302
164	1228	-302
165	1226	-300
166	1224	-300
167	1222	-298
168	1220	-298
169	1218	-296
170	1216	-296
171	1216	-294
172	1214	-294
173	1212	-292
174	1210	-292
175	1208	-292
176	1208	-290
177	1206	-290
178	1204	-290
179	1204	-288
180	1202	-288
181	1200	-288
182	1198	-286
183	1196	-284
184	1194	-284
185	1192	-282
186	1188	-282
187	1186	-280
188	1184	-280
189	1182	-280
190	1182	-278
191	1180	-278
192	1180	-276
193	1178	-276
194	1176	-276
195	1172	-274
196	1170	-272
197	1168	-272
198	1166	-272
199	1164	-270
200	1162	-270
201	1160	-268
202	1158	-268
203	1156	-268
204	1154	-268
205	1152	-266
206	1150	-266
207	1148	-266
208	1146	-264
209	1144	-264
210	1142	-262
211	1140	-262
212	1138	-262
213	1138	-260
214	1136	-260
215	1134	-260
216	1134	-258
217	1132	-258
218	1130	-258
219	1130	-256
220	1126	-256
221	1124	-256
222	1124	-254
223	1122	-254
224	1120	-254
225	1120	-252
226	1118	-252
227	1116	-252
228	1114	-252
229	1114	-250
230	1112	-250
231	1110	-250
232	1108	-250
233	1108	-248
234	1104	-248
235	1102	-246
236	1100	-246
237	1098	-244
238	1096	-244
239	1096	-242
240	1094	-242
241	1092	-240
242	1090	-238
243	1088	-238
244	1084	-236
245	1082	-234
246	1080	-234
247	1078	-232
248	1076	-232
249	1074	-232
250	1072	-230
251	1070	-230
252	1068	-230
253	1066	-228
254	1064	-228
255	1062	-228
256	1060	-226
257	1058	-226
258	1056	-226
259	1054	-224
260	1052	-224
261	1050	-224
262	1048	-224
263	1046	-224
264	1044	-224
265	1042	-222
266	1040	-222
267	1038	-222
268	1036	-222
269	1034	-222
270	1032	-222
271	1028	-222
272	1026	-222
273	1022	-222
274	1020	-220
275	1018	-220
276	1016	-220
277	1014	-220
278	1012	-220
279	1010	-220
280	1008	-220
281	1006	-220
282	1004	-220
283	1002	-220
284	1000	-220
285	998	-220
286	996	-220
287	994	-220
288	992	-220
289	990	-220
290	988	-220
291	984	-220
292	982	-220
293	980	-220
294	978	-220
295	974	-220
296	972	-220
297	970	-220
298	968	-220
299	966	-220
300	964	-220
301	962	-220
302	960	-220
303	958	-220
304	956	-220
305	954	-220
306	952	-220
307	950	-220
308	948	-220
309	946	-220
310	944	-220
311	940	-220
312	938	-220
313	936	-220
314	934	-220
315	932	-220
316	930	-220
317	928	-220
318	926	-220
319	924	-220
320	922	-220
321	920	-220
322	918	-220
323	916	-220
324	914	-220
325	912	-220
326	910	-220
327	908	-220
328	906	-220
329	906	-222
330	904	-222
331	902	-222
332	900	-222
333	898	-224
334	896	-224
335	896	-226
336	894	-226
337	892	-226
338	890	-226
339	888	-228
340	886	-228
341	884	-228
342	882	-230
343	878	-230
344	876	-230
345	874	-232
346	872	-232
347	870	-232
348	868	-232
349	868	-234
350	866	-234
351	864	-234
352	862	-234
353	860	-234
354	858	-234
355	858	-236
356	856	-236
357	854	-236
358	852	-236
359	850	-238
360	848	-238
361	846	-238
362	846	-240
363	844	-240
364	842	-240
365	842	-242
366	840	-242
367	838	-242
368	836	-242
369	834	-242
370	834	-244
371	832	-244
372	830	-244
373	828	-246
374	826	-246
375	824	-248
376	822	-248
377	820	-250
378	818	-250
379	818	-252
380	816	-252
381	814	-252
382	814	-254
383	812	-254
384	810	-256
385	808	-256
386	808	-258
387	806	-258
388	804	-258
389	804	-260
390	802	-260
391	800	-262
392	798	-262
393	798	-264
394	796	-264
395	794	-266
396	792	-268
397	790	-268
398	790	-270
399	788	-270
400	786	-272
401	784	-274
402	780	-274
403	778	-276
404	776	-278
405	774	-278
406	772	-280
407	770	-280
408	768	-282
409	766	-282
410	764	-284
411	762	-286
412	760	-286
413	758	-288
414	756	-288
415	752	-290
416	750	-290
417	748	-292
418	746	-292
419	744	-294
420	742	-296
421	740	-296
422	738	-296
423	736	-298
424	734	-298
425	732	-300
426	730	-300
427	728	-302
428	726	-302
429	724	-304
430	722	-304
431	722	-306
432	720	-306
433	718	-308
434	716	-308
435	714	-310
436	712	-310
437	712	-312
438	710	-312
439	708	-312
440	706	-314
441	704	-314
442	702	-316
443	702	-318
444	698	-320
445	696	-320
446	696	-322
447	694	-322
448	692	-324
449	690	-326
450	688	-326
451	686	-328
452	684	-330
453	682	-330
454	682	-332
455	678	-332
456	678	-334
457	676	-334
458	676	-336
459	674	-336
460	674	-338
461	672	-338
462	670	-338
463	668	-340
464	666	-340
465	666	-342
466	662	-342
467	660	-342
468	660	-344
469	658	-344
470	658	-346
471	656	-346
472	654	-348
473	652	-348
474	652	-350
475	650	-350
476	648	-352
477	646	-352
478	646	-354
479	644	-354
480	642	-354
481	640	-354
482	640	-358
483	638	-358
484	636	-358
485	634	-358
486	634	-360
487	632	-360
488	630	-362
489	628	-362
490	628	-364
491	626	-364
492	622	-364
493	622	-366
494	620	-368
495	618	-368
496	618	-370
497	616	-370
498	614	-372
499	612	-372
500	610	-374
501	606	-376
502	604	-378
503	600	-378
504	598	-380
505	598	-382
506	596	-382
507	594	-384
508	590	-384
509	588	-386
510	586	-388
511	584	-388
512	582	-392
513	578	-392
514	574	-394
515	572	-396
516	570	-396
517	570	-398
518	568	-398
519	566	-400
520	564	-400
521	562	-400
522	560	-402
523	556	-404
524	554	-404
525	552	-408
526	548	-408
527	544	-410
528	538	-412
529	536	-412
530	534	-414
531	530	-414
532	528	-416
533	524	-418
534	522	-418
535	518	-422
536	516	-422
537	514	-424
538	512	-424
539	510	-426
540	508	-428
541	506	-428
542	506	-430
543	504	-430
544	502	-430
545	500	-430
546	498	-432
547	496	-432
548	496	-434
549	494	-436
550	490	-436
551	490	-438
552	488	-438
553	488	-440
554	486	-440
555	484	-442
556	482	-442
557	480	-444
558	478	-444
559	476	-444
560	476	-446
561	472	-446
562	470	-448
563	470	-450
564	468	-450
565	466	-452
566	464	-452
567	462	-454
568	460	-454
569	458	-454
570	458	-456
571	456	-456
572	454	-458
573	452	-458
574	452	-460
575	448	-460
576	446	-460
577	446	-462
578	444	-462
579	442	-464
580	438	-464
581	436	-466
582	434	-466
583	434	-468
584	432	-468
585	430	-468
586	428	-470
587	426	-470
588	422	-472
589	420	-474
590	418	-474
591	418	-476
592	416	-476
593	412	-478
594	410	-480
595	408	-480
596	406	-482
597	404	-482
598	402	-484
599	400	-484
600	398	-486
601	396	-486
602	392	-488
603	390	-490
604	386	-490
605	384	-492
606	382	-492
607	378	-494
608	376	-494
609	372	-496
610	370	-496
611	368	-498
612	366	-498
613	364	-500
614	362	-500
615	360	-500
616	356	-502
617	354	-502
618	354	-504
619	352	-504
620	350	-506
621	348	-506
622	346	-506
623	346	-508
624	344	-508
625	342	-508
626	340	-510
627	338	-510
628	336	-512
629	332	-514
630	330	-514
631	328	-514
632	326	-516
633	322	-516
634	320	-518
635	318	-520
636	314	-522
637	310	-522
638	308	-524
639	304	-526
640	302	-528
641	300	-528
642	298	-530
643	296	-530
644	294	-532
645	292	-532
646	292	-534
647	288	-534
648	286	-534
649	284	-536
650	282	-536
651	280	-536
652	280	-538
653	278	-538
654	276	-538
655	274	-538
656	272	-538
657	270	-538
658	268	-538
659	266	-538
660	262	-542
661	260	-542
662	256	-544
663	252	-544
664	250	-546
665	248	-546
666	244	-546
667	242	-546
668	240	-546
669	238	-548
670	236	-548
671	234	-548
672	234	-550
673	232	-550
674	230	-552
675	228	-552
676	226	-552
677	226	-554
678	224	-554
679	222	-554
680	220	-554
681	220	-556
682	216	-556
683	214	-556
684	212	-558
685	210	-558
686	208	-558
687	208	-560
688	206	-560
689	204	-560
690	204	-562
691	202	-562
692	200	-562
693	198	-562
694	198	-564
695	196	-564
696	196	-566
697	194	-566
698	194	-568
699	192	-568
700	190	-570
701	190	-572
702	188	-572
703	188	-574
704	188	-576
705	190	-576
706	192	-576
707	194	-576
708	194	-578
709	196	-578
710	196	-580
711	198	-580
712	200	-580
713	200	-582
714	202	-582
715	204	-582
716	206	-582
717	206	-584
718	206	-586
719	208	-586
720	210	-586
721	212	-588
722	214	-588
723	214	-590
724	216	-590
725	218	-590
726	220	-592
727	222	-592
728	222	-594
729	224	-594
730	226	-596
731	228	-596
732	228	-598
733	230	-598
734	232	-598
735	232	-600
736	234	-600
737	236	-602
738	238	-602
739	240	-602
740	242	-604
741	244	-604
742	246	-604
743	248	-606
744	252	-606
745	254	-606
746	256	-608
747	260	-608
748	266	-610
749	268	-610
750	270	-612
751	274	-612
752	276	-614
753	278	-616
754	280	-616
755	284	-616
756	286	-618
757	288	-618
758	292	-618
759	294	-618
760	296	-620
761	300	-620
762	302	-620
763	306	-620
764	308	-622
765	312	-622
766	314	-622
767	316	-622
768	320	-622
769	322	-624
770	324	-624
771	326	-624
772	328	-624
773	332	-624
774	334	-624
775	336	-624
776	338	-624
777	340	-626
778	342	-626
779	344	-626
780	346	-626
781	348	-626
782	350	-626
783	354	-628
784	356	-628
785	358	-628
786	360	-630
787	364	-630
788	366	-630
789	370	-632
790	374	-632
791	376	-632
792	382	-634
793	384	-634
794	388	-636
795	390	-636
796	392	-636
797	396	-636
798	396	-638
799	398	-638
800	400	-638
801	402	-638
802	404	-638
803	406	-638
804	408	-638
805	410	-638
806	416	-638
807	418	-638
808	420	-638
809	424	-638
810	426	-638
811	428	-638
812	430	-638
813	432	-638
814	432	-640
815	434	-640
816	436	-640
817	438	-640
818	440	-640
819	442	-640
820	444	-640
821	446	-640
822	450	-640
823	452	-640
824	454	-640
825	456	-640
826	458	-640
827	460	-642
828	462	-642
829	466	-642
830	468	-642
831	470	-644
832	472	-644
833	476	-644
834	478	-644
835	482	-644
836	484	-646
837	486	-646
838	490	-646
839	492	-646
840	494	-646
841	496	-646
842	498	-646
843	502	-646
844	504	-646
845	506	-646
846	508	-646
847	508	-644
848	528	-646
849	530	-646
850	532	-646
851	534	-648
852	536	-648
853	538	-648
854	540	-648
855	542	-648
856	542	-650
857	544	-650
858	546	-650
859	550	-650
860	552	-652
861	554	-652
862	556	-652
863	558	-652
864	560	-652
865	562	-652
866	564	-652
867	566	-652
868	596	-654
869	598	-654
870	600	-654
871	602	-654
872	606	-654
873	608	-656
874	610	-656
875	612	-656
876	614	-656
877	620	-656
878	622	-658
879	624	-658
880	626	-658
881	628	-658
882	632	-658
883	634	-662
884	638	-662
885	640	-662
886	644	-662
887	646	-662
888	652	-662
889	656	-664
890	658	-664
891	660	-664
892	662	-666
893	666	-666
894	668	-666
895	670	-666
896	672	-666
897	676	-666
898	678	-666
899	680	-668
900	682	-668
901	684	-668
902	686	-668
903	690	-668
904	694	-668
905	696	-668
906	698	-668
907	702	-670
908	704	-670
909	708	-670
910	710	-670
911	712	-670
912	718	-670
913	720	-672
914	722	-672
915	726	-672
916	728	-672
917	732	-672
918	734	-672
919	736	-674
920	740	-674
921	742	-674
922	744	-678
923	750	-678
924	754	-680
925	758	-680
926	760	-680
927	764	-680
928	768	-682
929	772	-682
930	774	-682
931	776	-684
932	780	-684
933	784	-686
934	786	-686
935	788	-688
936	790	-690
937	792	-690
938	794	-690
939	796	-692
940	800	-692
941	802	-694
942	804	-694
943	806	-696
944	808	-696
945	810	-698
946	812	-698
947	814	-700
948	818	-702
949	820	-702
950	824	-704
951	828	-704
952	834	-706
953	836	-706
954	840	-708
955	842	-712
956	846	-712
957	850	-714
958	852	-714
959	854	-714
960	858	-716
961	860	-716
962	862	-718
963	868	-718
964	870	-720
965	872	-720
966	874	-722
967	876	-724
968	878	-724
969	878	-726
970	878	-724
971	878	-718
972	878	-720
973	884	-722
974	886	-724
975	888	-726
976	890	-728
977	892	-730
978	896	-732
979	898	-734
980	900	-736
981	902	-740
982	904	-740
983	906	-742
984	908	-744
985	914	-744
986	916	-746
987	918	-748
988	920	-750
989	922	-752
990	924	-752
991	928	-754
992	930	-756
993	932	-758
994	934	-758
995	938	-760
996	940	-762
997	944	-762
998	948	-764
999	952	-766
1000	956	-768
1001	960	-768
1002	964	-768
1003	966	-770
1004	970	-770
1005	972	-772
1006	974	-772
1007	980	-774
1008	984	-774
1009	986	-774
1010	988	-776
1011	992	-778
1012	994	-778
1013	998	-780
1014	1002	-780
1015	1004	-782
1016	1006	-782
1017	1010	-784
1018	1014	-784
1019	1016	-786
1020	1020	-786
1021	1022	-788
1022	1026	-788
1023	1030	-790
1024	1032	-790
1025	1036	-792
1026	1040	-792
1027	1048	-794
1028	1054	-796
1029	1058	-796
1030	1062	-796
1031	1066	-798
1032	1072	-798
1033	1074	-798
1034	1078	-800
1035	1084	-800
1036	1086	-800
1037	1092	-802
1038	1096	-802
1039	1100	-802
1040	1102	-802
1041	1104	-804
1042	1108	-804
1043	1112	-804
1044	1116	-804
1045	1118	-804
1046	1120	-804
1047	1124	-804
1048	1126	-804
1049	1130	-804
1050	1132	-804
1051	1136	-804
1052	1140	-804
1053	1144	-804
1054	1148	-804
1055	1152	-804
1056	1156	-804
1057	1158	-804
1058	1164	-804
1059	1168	-804
1060	1170	-804
1061	1174	-804
1062	1176	-804
1063	1180	-804
1064	1182	-804
1065	1186	-804
1066	1188	-804
1067	1192	-804
1068	1196	-804
1069	1198	-804
1070	1200	-804
1071	1204	-804
1072	1206	-804
1073	1210	-804
1074	1214	-804
1075	1216	-804
1076	1220	-804
1077	1222	-802
1078	1228	-802
1079	1232	-800
1080	1236	-800
1081	1238	-798
1082	1242	-798
1083	1246	-796
1084	1250	-796
1085	1252	-794
1086	1254	-790
1087	1258	-790
1088	1262	-790
1089	1266	-788
1090	1270	-786
1091	1272	-786
1092	1274	-784
1093	1278	-782
1094	1282	-778
1095	1284	-778
1096	1288	-774
1097	1290	-774
1098	1292	-772
1099	1294	-770
1100	1298	-768
1101	1300	-766
1102	1304	-764
1103	1306	-764
1104	1308	-762
1105	1312	-760
1106	1314	-758
1107	1316	-758
1108	1316	-756
1109	1318	-754
1110	1320	-754
1111	1322	-752
1112	1326	-752
1113	1328	-750
1114	1330	-748
1115	1330	-746
1116	1334	-744
1117	1334	-740
1118	1336	-738
1119	1338	-736
1120	1340	-734
1121	1344	-732
1122	1344	-728
1123	1346	-724
1124	1348	-722
1125	1350	-720
1126	1350	-718
1127	1350	-716
1128	1352	-714
1129	1354	-714
1130	1354	-712
1131	1356	-710
1132	1356	-708
1133	1360	-708
1134	1360	-704
1135	1362	-702
1136	1364	-700
1137	1366	-698
1138	1366	-696
1139	1368	-696
1140	1368	-694
1141	1370	-692
1142	1372	-690
1143	1372	-688
1144	1376	-686
1145	1378	-684
1146	1378	-682
1147	1378	-680
1148	1380	-680
1149	1382	-678
1150	1382	-674
1151	1384	-672
1152	1386	-670
1153	1386	-668
1154	1388	-666
1155	1388	-664
1156	1392	-662
1157	1392	-658
1158	1392	-656
1159	1394	-654
1160	1394	-652
1161	1394	-650
1162	1394	-646
1163	1396	-642
1164	1396	-640
1165	1396	-638
1166	1396	-636
1167	1398	-634
1168	1398	-632
1169	1398	-630
1170	1398	-628
1171	1398	-626
1172	1398	-624
1173	1400	-624
1174	1400	-622
1175	1400	-620
1176	1400	-618
1177	1402	-618
1178	1402	-614
1179	1402	-612
1180	1404	-610
1181	1404	-608
1182	1406	-606
1183	1406	-604
1184	1406	-600
1185	1406	-598
1186	1408	-596
1187	1408	-594
1188	1408	-592
1189	1408	-590
1190	1406	-590
1191	1406	-588
1192	1406	-586
1193	1406	-584
1194	1406	-580
1195	1406	-578
1196	1408	-576
1197	1408	-574
1198	1410	-570
1199	1410	-568
1200	1410	-566
1201	1412	-564
1202	1412	-562
1203	1412	-558
1204	1414	-558
1205	1414	-556
1206	1414	-554
1207	1416	-552
1208	1416	-550
1209	1416	-548
1210	1416	-546
1211	1418	-546
1212	1418	-544
1213	1418	-542
1214	1418	-540
1215	1418	-538
1216	1418	-536
1217	1418	-534
1218	1418	-532
